month,day,year,daily_cum_cubic_m_across_basin,basin_area,avg_mm_rainfall
1,1,2002,0,1258791243,0
1,2,2002,0,1258791243,0
1,3,2002,0,1258791243,0
1,4,2002,0,1258791243,0
1,5,2002,9257071.21873,1258791243,7.353936778800741
1,6,2002,9257071.21873,1258791243,7.353936778800741
1,7,2002,9257071.21873,1258791243,7.353936778800741
1,8,2002,9257071.21873,1258791243,7.353936778800741
1,9,2002,9257071.21873,1258791243,7.353936778800741
1,10,2002,9257071.21873,1258791243,7.353936778800741
1,11,2002,9257071.21873,1258791243,7.353936778800741
1,12,2002,9257071.21873,1258791243,7.353936778800741
1,13,2002,9257071.21873,1258791243,7.353936778800741
1,14,2002,9257071.21873,1258791243,7.353936778800741
1,15,2002,9257071.21873,1258791243,7.353936778800741
1,16,2002,9257071.21873,1258791243,7.353936778800741
1,17,2002,9257071.21873,1258791243,7.353936778800741
1,18,2002,9257071.21873,1258791243,7.353936778800741
1,19,2002,9257177.19673,1258791243,7.354020969090901
1,20,2002,9257177.19673,1258791243,7.354020969090901
1,21,2002,9257177.19673,1258791243,7.354020969090901
1,22,2002,9257177.19673,1258791243,7.354020969090901
1,23,2002,9257177.19673,1258791243,7.354020969090901
1,24,2002,9280828.11973,1258791243,7.372809567384319
1,25,2002,9280828.11973,1258791243,7.372809567384319
1,26,2002,9280828.11973,1258791243,7.372809567384319
1,27,2002,9280828.11973,1258791243,7.372809567384319
1,28,2002,9280828.11973,1258791243,7.372809567384319
1,29,2002,9280828.11973,1258791243,7.372809567384319
1,30,2002,9280828.11973,1258791243,7.372809567384319
1,31,2002,10178787.37907,1258791243,8.08615998536145
2,1,2002,10178787.37907,1258791243,8.08615998536145
2,2,2002,10178787.37907,1258791243,8.08615998536145
2,3,2002,10178787.37907,1258791243,8.08615998536145
2,4,2002,10444769.84747,1258791243,8.297459889042143
2,5,2002,15150157.28823,1258791243,12.035480364578609
2,6,2002,15150157.28823,1258791243,12.035480364578609
2,7,2002,15150157.28823,1258791243,12.035480364578609
2,8,2002,15150157.28823,1258791243,12.035480364578609
2,9,2002,15150157.28823,1258791243,12.035480364578609
2,10,2002,15150157.28823,1258791243,12.035480364578609
2,11,2002,15150157.28823,1258791243,12.035480364578609
2,12,2002,15150157.28823,1258791243,12.035480364578609
2,13,2002,15150157.28823,1258791243,12.035480364578609
2,14,2002,15150157.28823,1258791243,12.035480364578609
2,15,2002,15150157.28823,1258791243,12.035480364578609
2,16,2002,15150157.28823,1258791243,12.035480364578609
2,17,2002,15150157.28823,1258791243,12.035480364578609
2,18,2002,15150157.28823,1258791243,12.035480364578609
2,19,2002,15150157.28823,1258791243,12.035480364578609
2,20,2002,15150157.28823,1258791243,12.035480364578609
2,21,2002,15150157.28823,1258791243,12.035480364578609
2,22,2002,15150157.28823,1258791243,12.035480364578609
2,23,2002,15150157.28823,1258791243,12.035480364578609
2,24,2002,15150157.28823,1258791243,12.035480364578609
2,25,2002,15150157.28823,1258791243,12.035480364578609
2,26,2002,15150157.28823,1258791243,12.035480364578609
2,27,2002,15150157.28823,1258791243,12.035480364578609
2,28,2002,15150157.28823,1258791243,12.035480364578609
3,1,2002,15165211.40348,1258791243,12.047439547909216
3,2,2002,15165372.49004,1258791243,12.047567517150261
3,3,2002,15165372.49004,1258791243,12.047567517150261
3,4,2002,15165372.49004,1258791243,12.047567517150261
3,5,2002,15165372.49004,1258791243,12.047567517150261
3,6,2002,15165372.49004,1258791243,12.047567517150261
3,7,2002,15165372.49004,1258791243,12.047567517150261
3,8,2002,15169025.15254,1258791243,12.05046923935425
3,9,2002,15169025.15254,1258791243,12.05046923935425
3,10,2002,15230123.63077,1258791243,12.099006658540919
3,11,2002,15839791.53126,1258791243,12.583334702511907
3,12,2002,15845348.15232,1258791243,12.587748953954234
3,13,2002,15845348.15232,1258791243,12.587748953954234
3,14,2002,15845348.15232,1258791243,12.587748953954234
3,15,2002,15845348.15232,1258791243,12.587748953954234
3,16,2002,15845348.15232,1258791243,12.587748953954234
3,17,2002,15845348.15232,1258791243,12.587748953954234
3,18,2002,16433067.85039,1258791243,13.054641062823155
3,19,2002,17024076.40754,1258791243,13.524145883766685
3,20,2002,45724940.45313,1258791243,36.32448248063479
3,21,2002,45724940.45313,1258791243,36.32448248063479
3,22,2002,45724940.45313,1258791243,36.32448248063479
3,23,2002,45724940.45313,1258791243,36.32448248063479
3,24,2002,45724940.45313,1258791243,36.32448248063479
3,25,2002,45724940.45313,1258791243,36.32448248063479
3,26,2002,45724940.45313,1258791243,36.32448248063479
3,27,2002,45724940.45313,1258791243,36.32448248063479
3,28,2002,45724940.45313,1258791243,36.32448248063479
3,29,2002,45893941.92598,1258791243,36.45873943053797
3,30,2002,83482215.48711,1258791243,66.3193487810989
3,31,2002,83482215.48711,1258791243,66.3193487810989
4,1,2002,83482215.48711,1258791243,66.3193487810989
4,2,2002,83482215.48711,1258791243,66.3193487810989
4,3,2002,83506047.37246001,1258791243,66.3382811382173
4,4,2002,83506047.37246001,1258791243,66.3382811382173
4,5,2002,83506047.37246001,1258791243,66.3382811382173
4,6,2002,83711370.98834,1258791243,66.50139286704587
4,7,2002,85768177.84093,1258791243,68.13534676053509
4,8,2002,128033849.03547001,1258791243,101.71174112264619
4,9,2002,128033849.03547001,1258791243,101.71174112264619
4,10,2002,128033849.03547001,1258791243,101.71174112264619
4,11,2002,128354564.61208001,1258791243,101.96652171346572
4,12,2002,128354564.61208001,1258791243,101.96652171346572
4,13,2002,128354564.61208001,1258791243,101.96652171346572
4,14,2002,148433719.91222,1258791243,117.91766167555076
4,15,2002,148487200.05561,1258791243,117.9601469912752
4,16,2002,159117825.61809,1258791243,126.4052530575874
4,17,2002,159117825.61809,1258791243,126.4052530575874
4,18,2002,159117825.61809,1258791243,126.4052530575874
4,19,2002,159970886.13065,1258791243,127.08293533199452
4,20,2002,159970886.13065,1258791243,127.08293533199452
4,21,2002,159970886.13065,1258791243,127.08293533199452
4,22,2002,159970886.13065,1258791243,127.08293533199452
4,23,2002,159970886.13065,1258791243,127.08293533199452
4,24,2002,159970886.13065,1258791243,127.08293533199452
4,25,2002,159970886.13065,1258791243,127.08293533199452
4,26,2002,160099346.17221,1258791243,127.18498564595593
4,27,2002,160099346.17221,1258791243,127.18498564595593
4,28,2002,160153903.851,1258791243,127.22832696970075
4,29,2002,160331229.37847,1258791243,127.36919665596214
4,30,2002,160776696.73525,1258791243,127.72308167006369
5,1,2002,161424487.90941,1258791243,128.23769533437246
5,2,2002,161740624.82284,1258791243,128.48883857610377
5,3,2002,161761404.28054002,1258791243,128.50534604532518
5,4,2002,161761404.28054002,1258791243,128.50534604532518
5,5,2002,161761404.28054002,1258791243,128.50534604532518
5,6,2002,162013142.28269002,1258791243,128.70532996128415
5,7,2002,162043148.35288,1258791243,128.72916717047735
5,8,2002,162043148.35288,1258791243,128.72916717047735
5,9,2002,162043148.35288,1258791243,128.72916717047735
5,10,2002,162043148.35288,1258791243,128.72916717047735
5,11,2002,162043148.35288,1258791243,128.72916717047735
5,12,2002,162043148.35288,1258791243,128.72916717047735
5,13,2002,164136977.31835002,1258791243,130.39253190796944
5,14,2002,164136977.31835002,1258791243,130.39253190796944
5,15,2002,164136977.31835002,1258791243,130.39253190796944
5,16,2002,164136977.31835002,1258791243,130.39253190796944
5,17,2002,199779539.6341,1258791243,158.70744314837913
5,18,2002,207931673.43701002,1258791243,165.1836033919804
5,19,2002,207931673.43701002,1258791243,165.1836033919804
5,20,2002,207931673.43701002,1258791243,165.1836033919804
5,21,2002,207931673.43701002,1258791243,165.1836033919804
5,22,2002,207931673.43701002,1258791243,165.1836033919804
5,23,2002,207931673.43701002,1258791243,165.1836033919804
5,24,2002,208013979.47371,1258791243,165.24898836916202
5,25,2002,208013979.47371,1258791243,165.24898836916202
5,26,2002,238200470.39896,1258791243,189.22952612163985
5,27,2002,238600964.67351002,1258791243,189.54768393913113
5,28,2002,251080790.71634,1258791243,199.46181871900743
5,29,2002,251281848.61388,1258791243,199.62154170616517
5,30,2002,251950277.39009,1258791243,200.15255014773723
5,31,2002,251950277.39009,1258791243,200.15255014773723
6,1,2002,251950277.39009,1258791243,200.15255014773723
6,2,2002,251950277.39009,1258791243,200.15255014773723
6,3,2002,251950277.39009,1258791243,200.15255014773723
6,4,2002,251950277.39009,1258791243,200.15255014773723
6,5,2002,254054185.24763,1258791243,201.82392168709265
6,6,2002,254291039.54548,1258791243,202.01208179637774
6,7,2002,254491434.47748,1258791243,202.17127811515923
6,8,2002,258363126.53458,1258791243,205.2470002244685
6,9,2002,258397820.6739,1258791243,205.27456169624784
6,10,2002,258397820.6739,1258791243,205.27456169624784
6,11,2002,258397820.6739,1258791243,205.27456169624784
6,12,2002,258397820.6739,1258791243,205.27456169624784
6,13,2002,258397820.6739,1258791243,205.27456169624784
6,14,2002,258397820.6739,1258791243,205.27456169624784
6,15,2002,262584785.59965,1258791243,208.60074063897028
6,16,2002,262599189.36072,1258791243,208.61218317255168
6,17,2002,262599189.36072,1258791243,208.61218317255168
6,18,2002,262599189.36072,1258791243,208.61218317255168
6,19,2002,262599189.36072,1258791243,208.61218317255168
6,20,2002,262674794.43114,1258791243,208.67224481568783
6,21,2002,262674794.43114,1258791243,208.67224481568783
6,22,2002,262674794.43114,1258791243,208.67224481568783
6,23,2002,262674794.43114,1258791243,208.67224481568783
6,24,2002,262674794.43114,1258791243,208.67224481568783
6,25,2002,262674794.43114,1258791243,208.67224481568783
6,26,2002,269685351.5398,1258791243,214.24152180871184
6,27,2002,276443359.81077003,1258791243,219.61017074756538
6,28,2002,276890683.26967,1258791243,219.96553027313203
6,29,2002,282186354.21025,1258791243,224.17247957471693
6,30,2002,368026157.92183,1258791243,292.364726850765
7,1,2002,402204501.8221,1258791243,319.5164440956474
7,2,2002,604531331.10453,1258791243,480.2474869969603
7,3,2002,698213843.0779899,1258791243,554.6700828756798
7,4,2002,805772532.72482,1258791243,640.1160932804646
7,5,2002,925024708.43813,1258791243,734.8515598452809
7,6,2002,926721124.1938,1258791243,736.1992144028603
7,7,2002,930987440.92986,1258791243,739.5884314472149
7,8,2002,936352078.43537,1258791243,743.8501686775477
7,9,2002,945306673.55899,1258791243,750.9638145448952
7,10,2002,945312534.3046299,1258791243,750.9684703968264
7,11,2002,945320063.38111,1258791243,750.9744515922963
7,12,2002,945320063.38111,1258791243,750.9744515922963
7,13,2002,965493962.8401799,1258791243,767.0008575362959
7,14,2002,968843879.5951899,1258791243,769.6620746154889
7,15,2002,1002296784.10297,1258791243,796.237493449873
7,16,2002,1004443198.96603,1258791243,797.9426331026915
7,17,2002,1017344633.7615,1258791243,808.1916993137995
7,18,2002,1018037017.55014,1258791243,808.7417379262306
7,19,2002,1018037017.55014,1258791243,808.7417379262306
7,20,2002,1018037017.55014,1258791243,808.7417379262306
7,21,2002,1018037017.55014,1258791243,808.7417379262306
7,22,2002,1018037017.55014,1258791243,808.7417379262306
7,23,2002,1018037017.55014,1258791243,808.7417379262306
7,24,2002,1018037017.55014,1258791243,808.7417379262306
7,25,2002,1018037017.55014,1258791243,808.7417379262306
7,26,2002,1018037017.55014,1258791243,808.7417379262306
7,27,2002,1018037017.55014,1258791243,808.7417379262306
7,28,2002,1018037017.55014,1258791243,808.7417379262306
7,29,2002,1018037017.55014,1258791243,808.7417379262306
7,30,2002,1021282598.48869,1258791243,811.3200692870486
7,31,2002,1021282598.48869,1258791243,811.3200692870486
8,1,2002,1021282598.48869,1258791243,811.3200692870486
8,2,2002,1021282598.48869,1258791243,811.3200692870486
8,3,2002,1021282598.48869,1258791243,811.3200692870486
8,4,2002,1021282598.48869,1258791243,811.3200692870486
8,5,2002,1021437382.6843,1258791243,811.4430318485302
8,6,2002,1021743944.36865,1258791243,811.6865684047739
8,7,2002,1021743944.36865,1258791243,811.6865684047739
8,8,2002,1046161672.14999,1258791243,831.08432630714606
8,9,2002,1048465968.43706,1258791243,832.9148889996369
8,10,2002,1050396820.3771399,1258791243,834.4487826859945
8,11,2002,1063172670.35559,1258791243,844.5980826986021
8,12,2002,1063172670.35559,1258791243,844.5980826986021
8,13,2002,1063172670.35559,1258791243,844.5980826986021
8,14,2002,1063172670.35559,1258791243,844.5980826986021
8,15,2002,1063172670.35559,1258791243,844.5980826986021
8,16,2002,1063172670.35559,1258791243,844.5980826986021
8,17,2002,1063172670.35559,1258791243,844.5980826986021
8,18,2002,1063172670.35559,1258791243,844.5980826986021
8,19,2002,1063172670.35559,1258791243,844.5980826986021
8,20,2002,1063172670.35559,1258791243,844.5980826986021
8,21,2002,1063172670.35559,1258791243,844.5980826986021
8,22,2002,1063172670.35559,1258791243,844.5980826986021
8,23,2002,1063172670.35559,1258791243,844.5980826986021
8,24,2002,1063172670.35559,1258791243,844.5980826986021
8,25,2002,1063172670.35559,1258791243,844.5980826986021
8,26,2002,1063172670.35559,1258791243,844.5980826986021
8,27,2002,1063172723.61634,1258791243,844.5981250096288
8,28,2002,1063172723.61634,1258791243,844.5981250096288
8,29,2002,1079693523.64555,1258791243,857.722461646923
8,30,2002,1081129510.0314898,1258791243,858.8632277540319
8,31,2002,1081129510.0314898,1258791243,858.8632277540319
9,1,2002,1081129510.0314898,1258791243,858.8632277540319
9,2,2002,1081129510.0314898,1258791243,858.8632277540319
9,3,2002,1081129510.0314898,1258791243,858.8632277540319
9,4,2002,1081183918.4862099,1258791243,858.9064505322507
9,5,2002,1081509913.92446,1258791243,859.1654255132596
9,6,2002,1081783544.01628,1258791243,859.3828007876283
9,7,2002,1169208748.54821,1258791243,928.8345109247077
9,8,2002,1218785577.2354,1258791243,968.2189831021885
9,9,2002,1268855989.80894,1258791243,1007.9955646854942
9,10,2002,1270066337.7939699,1258791243,1008.9570807365155
9,11,2002,1270066337.7939699,1258791243,1008.9570807365155
9,12,2002,1270066337.7939699,1258791243,1008.9570807365155
9,13,2002,1270066337.7939699,1258791243,1008.9570807365155
9,14,2002,1270066337.7939699,1258791243,1008.9570807365155
9,15,2002,1271217082.06464,1258791243,1009.8712468280493
9,16,2002,1273826825.09494,1258791243,1011.9444603531771
9,17,2002,1273876311.75228,1258791243,1011.9837731920734
9,18,2002,1273876311.75228,1258791243,1011.9837731920734
9,19,2002,1282204861.01896,1258791243,1018.6000801555941
9,20,2002,1282204861.01896,1258791243,1018.6000801555941
9,21,2002,1282204861.01896,1258791243,1018.6000801555941
9,22,2002,1282204861.01896,1258791243,1018.6000801555941
9,23,2002,1282204861.01896,1258791243,1018.6000801555941
9,24,2002,1282204861.01896,1258791243,1018.6000801555941
9,25,2002,1282204861.01896,1258791243,1018.6000801555941
9,26,2002,1282204861.01896,1258791243,1018.6000801555941
9,27,2002,1282204861.01896,1258791243,1018.6000801555941
9,28,2002,1282204861.01896,1258791243,1018.6000801555941
9,29,2002,1282204861.01896,1258791243,1018.6000801555941
9,30,2002,1282204861.01896,1258791243,1018.6000801555941
10,1,2002,1282204861.01896,1258791243,1018.6000801555941
10,2,2002,1282204861.01896,1258791243,1018.6000801555941
10,3,2002,1282204861.01896,1258791243,1018.6000801555941
10,4,2002,1282204861.01896,1258791243,1018.6000801555941
10,5,2002,1282204861.01896,1258791243,1018.6000801555941
10,6,2002,1282506781.7024,1258791243,1018.8399298408528
10,7,2002,1284283692.35159,1258791243,1020.2515305801105
10,8,2002,1315597069.69044,1258791243,1045.1272814347344
10,9,2002,1360672783.83375,1258791243,1080.936010160781
10,10,2002,1365433504.46519,1258791243,1084.7179880367105
10,11,2002,1365433549.09319,1258791243,1084.7180234897694
10,12,2002,1365433549.09319,1258791243,1084.7180234897694
10,13,2002,1368823541.00861,1258791243,1087.4110767933028
10,14,2002,1375464558.47822,1258791243,1092.6867867305461
10,15,2002,1375464558.47822,1258791243,1092.6867867305461
10,16,2002,1375684960.85452,1258791243,1092.8618772211462
10,17,2002,1375684960.85452,1258791243,1092.8618772211462
10,18,2002,1375730193.58677,1258791243,1092.8978106870816
10,19,2002,1384604528.88322,1258791243,1099.947697112491
10,20,2002,1384604528.88322,1258791243,1099.947697112491
10,21,2002,1385045919.8733199,1258791243,1100.2983438083227
10,22,2002,1403484921.29683,1258791243,1114.9465243752334
10,23,2002,1425466621.7490098,1258791243,1132.4090707461412
10,24,2002,1475794959.26701,1258791243,1172.390551232179
10,25,2002,1475919256.00624,1258791243,1172.4892941650692
10,26,2002,1475925800.9218,1258791243,1172.4944935304097
10,27,2002,1475927824.8792999,1258791243,1172.4961013883537
10,28,2002,1476156671.79077,1258791243,1172.6779003266151
10,29,2002,1476156671.79077,1258791243,1172.6779003266151
10,30,2002,1476156671.79077,1258791243,1172.6779003266151
10,31,2002,1476156671.79077,1258791243,1172.6779003266151
11,1,2002,1476227595.31024,1258791243,1172.7342428852917
11,2,2002,1476890843.30171,1258791243,1173.2611356446414
11,3,2002,1476983940.35354,1258791243,1173.3350931434309
11,4,2002,1494944807.70958,1258791243,1187.6034378399152
11,5,2002,1494948461.36733,1258791243,1187.6063403527585
11,6,2002,1494948461.36733,1258791243,1187.6063403527585
11,7,2002,1494948461.36733,1258791243,1187.6063403527585
11,8,2002,1494948461.36733,1258791243,1187.6063403527585
11,9,2002,1494948461.36733,1258791243,1187.6063403527585
11,10,2002,1494948461.36733,1258791243,1187.6063403527585
11,11,2002,1494948461.36733,1258791243,1187.6063403527585
11,12,2002,1494948461.36733,1258791243,1187.6063403527585
11,13,2002,1494948461.36733,1258791243,1187.6063403527585
11,14,2002,1494948461.36733,1258791243,1187.6063403527585
11,15,2002,1494948461.36733,1258791243,1187.6063403527585
11,16,2002,1495526572.12466,1258791243,1188.0655989951622
11,17,2002,1495526572.12466,1258791243,1188.0655989951622
11,18,2002,1495526572.12466,1258791243,1188.0655989951622
11,19,2002,1495526572.12466,1258791243,1188.0655989951622
11,20,2002,1495526572.12466,1258791243,1188.0655989951622
11,21,2002,1495526572.12466,1258791243,1188.0655989951622
11,22,2002,1495526572.12466,1258791243,1188.0655989951622
11,23,2002,1495526572.12466,1258791243,1188.0655989951622
11,24,2002,1495526572.12466,1258791243,1188.0655989951622
11,25,2002,1495526572.12466,1258791243,1188.0655989951622
11,26,2002,1496929042.00782,1258791243,1189.179739160149
11,27,2002,1496929042.00782,1258791243,1189.179739160149
11,28,2002,1496929042.00782,1258791243,1189.179739160149
11,29,2002,1496929042.00782,1258791243,1189.179739160149
11,30,2002,1496929042.00782,1258791243,1189.179739160149
12,1,2002,1496929042.00782,1258791243,1189.179739160149
12,2,2002,1496929042.00782,1258791243,1189.179739160149
12,3,2002,1498735299.16872,1258791243,1190.6146531468364
12,4,2002,1501576469.67335,1258791243,1192.871715642647
12,5,2002,1501576469.67335,1258791243,1192.871715642647
12,6,2002,1501576469.67335,1258791243,1192.871715642647
12,7,2002,1501576469.67335,1258791243,1192.871715642647
12,8,2002,1501576469.67335,1258791243,1192.871715642647
12,9,2002,1511769712.86899,1258791243,1200.9693595151502
12,10,2002,1511769712.86899,1258791243,1200.9693595151502
12,11,2002,1511769712.86899,1258791243,1200.9693595151502
12,12,2002,1511868996.56396,1258791243,1201.0482317630485
12,13,2002,1511868996.56396,1258791243,1201.0482317630485
12,14,2002,1511868996.56396,1258791243,1201.0482317630485
12,15,2002,1511868996.56396,1258791243,1201.0482317630485
12,16,2002,1511868996.56396,1258791243,1201.0482317630485
12,17,2002,1511868996.56396,1258791243,1201.0482317630485
12,18,2002,1511868996.56396,1258791243,1201.0482317630485
12,19,2002,1511868996.56396,1258791243,1201.0482317630485
12,20,2002,1511868996.56396,1258791243,1201.0482317630485
12,21,2002,1511868996.56396,1258791243,1201.0482317630485
12,22,2002,1511868996.56396,1258791243,1201.0482317630485
12,23,2002,1512854871.73451,1258791243,1201.8314237148772
12,24,2002,1527713709.37343,1258791243,1213.6354759924477
12,25,2002,1527713709.37343,1258791243,1213.6354759924477
12,26,2002,1527713709.37343,1258791243,1213.6354759924477
12,27,2002,1527713709.37343,1258791243,1213.6354759924477
12,28,2002,1527713709.37343,1258791243,1213.6354759924477
12,29,2002,1527917305.04389,1258791243,1213.7972150191467
12,30,2002,1529581340.15654,1258791243,1215.1191459762483
12,31,2002,1530894380.61307,1258791243,1216.1622422512116
1,1,2003,0,1258791243,0
1,2,2003,0,1258791243,0
1,3,2003,0,1258791243,0
1,4,2003,0,1258791243,0
1,5,2003,0,1258791243,0
1,6,2003,0,1258791243,0
1,7,2003,0,1258791243,0
1,8,2003,0,1258791243,0
1,9,2003,0,1258791243,0
1,10,2003,0,1258791243,0
1,11,2003,1790778.53832,1258791243,1.4226175692580665
1,12,2003,18584001.28608,1258791243,14.763370328021896
1,13,2003,18584530.75308,1258791243,14.763790943436044
1,14,2003,18584530.75308,1258791243,14.763790943436044
1,15,2003,18584530.75308,1258791243,14.763790943436044
1,16,2003,18584530.75308,1258791243,14.763790943436044
1,17,2003,18584530.75308,1258791243,14.763790943436044
1,18,2003,18584530.75308,1258791243,14.763790943436044
1,19,2003,18584530.75308,1258791243,14.763790943436044
1,20,2003,18584530.75308,1258791243,14.763790943436044
1,21,2003,18584530.75308,1258791243,14.763790943436044
1,22,2003,18584530.75308,1258791243,14.763790943436044
1,23,2003,18584530.75308,1258791243,14.763790943436044
1,24,2003,18584530.75308,1258791243,14.763790943436044
1,25,2003,18652065.39183,1258791243,14.817441331556832
1,26,2003,18652065.39183,1258791243,14.817441331556832
1,27,2003,18652065.39183,1258791243,14.817441331556832
1,28,2003,18652065.39183,1258791243,14.817441331556832
1,29,2003,18652065.39183,1258791243,14.817441331556832
1,30,2003,18652065.39183,1258791243,14.817441331556832
1,31,2003,18652065.39183,1258791243,14.817441331556832
2,1,2003,18652065.39183,1258791243,14.817441331556832
2,2,2003,18652065.39183,1258791243,14.817441331556832
2,3,2003,18652065.39183,1258791243,14.817441331556832
2,4,2003,18652065.39183,1258791243,14.817441331556832
2,5,2003,18715568.55133,1258791243,14.86788906056125
2,6,2003,18958446.79042,1258791243,15.060834666467407
2,7,2003,19191396.36633,1258791243,15.245892814278182
2,8,2003,20478497.71353,1258791243,16.268382726213485
2,9,2003,20509505.72953,1258791243,16.293015894081808
2,10,2003,20509505.72953,1258791243,16.293015894081808
2,11,2003,20509505.72953,1258791243,16.293015894081808
2,12,2003,20517879.15953,1258791243,16.299667854878777
2,13,2003,20676081.30779,1258791243,16.4253456820322
2,14,2003,22984322.89247,1258791243,18.259042569833003
2,15,2003,23577327.64662,1258791243,18.73013319542135
2,16,2003,23577327.64662,1258791243,18.73013319542135
2,17,2003,23577327.64662,1258791243,18.73013319542135
2,18,2003,23577327.64662,1258791243,18.73013319542135
2,19,2003,23577327.64662,1258791243,18.73013319542135
2,20,2003,45656408.151370004,1258791243,36.27003953615048
2,21,2003,63697994.7352,1258791243,50.60250862835086
2,22,2003,70798437.98824,1258791243,56.24319233386978
2,23,2003,70798437.98824,1258791243,56.24319233386978
2,24,2003,70939237.98835,1258791243,56.35504567007065
2,25,2003,71182354.927,1258791243,56.54818090198614
2,26,2003,71182460.905,1258791243,56.5482650922763
2,27,2003,71182460.905,1258791243,56.5482650922763
2,28,2003,71182460.905,1258791243,56.5482650922763
3,1,2003,71182460.905,1258791243,56.5482650922763
3,2,2003,71182460.905,1258791243,56.5482650922763
3,3,2003,72702019.13543001,1258791243,57.75542175060238
3,4,2003,72702019.13543001,1258791243,57.75542175060238
3,5,2003,72702019.13543001,1258791243,57.75542175060238
3,6,2003,72702019.13543001,1258791243,57.75542175060238
3,7,2003,72702019.13543001,1258791243,57.75542175060238
3,8,2003,72702019.13543001,1258791243,57.75542175060238
3,9,2003,72702019.13543001,1258791243,57.75542175060238
3,10,2003,72702019.13543001,1258791243,57.75542175060238
3,11,2003,72734893.09568,1258791243,57.78153724865084
3,12,2003,72795125.17043,1258791243,57.82938638573768
3,13,2003,72795125.17043,1258791243,57.82938638573768
3,14,2003,72795125.17043,1258791243,57.82938638573768
3,15,2003,79383113.77515,1258791243,63.06296950871781
3,16,2003,81363091.99483,1258791243,64.63588974524666
3,17,2003,81363091.99483,1258791243,64.63588974524666
3,18,2003,93189287.63241,1258791243,74.03077210031879
3,19,2003,93189287.63241,1258791243,74.03077210031879
3,20,2003,93189287.63241,1258791243,74.03077210031879
3,21,2003,93189287.63241,1258791243,74.03077210031879
3,22,2003,123848524.09033,1258791243,98.38686500167368
3,23,2003,124256642.73332,1258791243,98.71107971579684
3,24,2003,124256642.73332,1258791243,98.71107971579684
3,25,2003,124321312.70946,1258791243,98.76245437899031
3,26,2003,130250600.8128,1258791243,103.47275732740381
3,27,2003,130250600.8128,1258791243,103.47275732740381
3,28,2003,130250600.8128,1258791243,103.47275732740381
3,29,2003,130250600.8128,1258791243,103.47275732740381
3,30,2003,130250600.8128,1258791243,103.47275732740381
3,31,2003,130250600.8128,1258791243,103.47275732740381
4,1,2003,130250600.8128,1258791243,103.47275732740381
4,2,2003,130250600.8128,1258791243,103.47275732740381
4,3,2003,130250600.8128,1258791243,103.47275732740381
4,4,2003,130250600.8128,1258791243,103.47275732740381
4,5,2003,130250600.8128,1258791243,103.47275732740381
4,6,2003,130391939.39111,1258791243,103.58503851707364
4,7,2003,130391939.39111,1258791243,103.58503851707364
4,8,2003,133198524.25235,1258791243,105.81462573167107
4,9,2003,133198524.25235,1258791243,105.81462573167107
4,10,2003,133198524.25235,1258791243,105.81462573167107
4,11,2003,133198524.25235,1258791243,105.81462573167107
4,12,2003,133386572.36676,1258791243,105.96401357930324
4,13,2003,133388811.18426,1258791243,105.9657921248027
4,14,2003,133431177.47222,1258791243,105.9994484504211
4,15,2003,133807617.47493,1258791243,106.29849724409785
4,16,2003,133807617.47493,1258791243,106.29849724409785
4,17,2003,133807617.47493,1258791243,106.29849724409785
4,18,2003,135690430.90112,1258791243,107.79422851539492
4,19,2003,135844312.05647,1258791243,107.91647369004616
4,20,2003,136915368.17643,1258791243,108.76733448679543
4,21,2003,136915368.17643,1258791243,108.76733448679543
4,22,2003,137270853.56685,1258791243,109.04973666618525
4,23,2003,137308011.59510002,1258791243,109.07925548311113
4,24,2003,137513794.30017,1258791243,109.2427319183138
4,25,2003,139422225.61627,1258791243,110.75881437178857
4,26,2003,139422225.61627,1258791243,110.75881437178857
4,27,2003,143341211.75793,1258791243,113.87210751189663
4,28,2003,143343747.9041,1258791243,113.87412225912665
4,29,2003,143343747.9041,1258791243,113.87412225912665
4,30,2003,144502911.7409,1258791243,114.79497696259395
5,1,2003,146727148.96429,1258791243,116.56193970225291
5,2,2003,146727148.96429,1258791243,116.56193970225291
5,3,2003,149741197.97867998,1258791243,118.95633911609599
5,4,2003,149741197.97867998,1258791243,118.95633911609599
5,5,2003,151592770.21678,1258791243,120.42725198460887
5,6,2003,151724213.84938,1258791243,120.53167250177636
5,7,2003,152915426.47049,1258791243,121.47798717288185
5,8,2003,154458528.17553,1258791243,122.70384707111438
5,9,2003,154917520.86073,1258791243,123.06847678056971
5,10,2003,155007989.02688,1258791243,123.14034585866594
5,11,2003,155092811.90357,1258791243,123.20773024599919
5,12,2003,155160102.29909,1258791243,123.26118660414767
5,13,2003,155766932.29338,1258791243,123.74326017882855
5,14,2003,158094474.86282,1258791243,125.59229001787709
5,15,2003,158244203.87982,1258791243,125.7112366802666
5,16,2003,158287587.02835,1258791243,125.74570081303781
5,17,2003,158287587.02835,1258791243,125.74570081303781
5,18,2003,158287587.02835,1258791243,125.74570081303781
5,19,2003,158462408.87235,1258791243,125.88458154085683
5,20,2003,158765601.01739,1258791243,126.12544129161057
5,21,2003,158776576.55264,1258791243,126.13416039838147
5,22,2003,158776576.55264,1258791243,126.13416039838147
5,23,2003,158776576.55264,1258791243,126.13416039838147
5,24,2003,158776576.55264,1258791243,126.13416039838147
5,25,2003,158906962.18894,1258791243,126.23774042964168
5,26,2003,167122627.43049,1258791243,132.7643708675609
5,27,2003,168984222.4018,1258791243,134.24324592461437
5,28,2003,169182058.81334,1258791243,134.4004097217413
5,29,2003,169182058.81334,1258791243,134.4004097217413
5,30,2003,169184798.30782,1258791243,134.40258601149165
5,31,2003,169184798.30782,1258791243,134.40258601149165
6,1,2003,169184798.30782,1258791243,134.40258601149165
6,2,2003,169186120.42958,1258791243,134.40363632207126
6,3,2003,178262870.57683,1258791243,141.6143237158109
6,4,2003,213035841.51951,1258791243,169.2384203530005
6,5,2003,242079017.04874,1258791243,192.3106936077883
6,6,2003,245621748.66712,1258791243,195.12508530147124
6,7,2003,245621748.66712,1258791243,195.12508530147124
6,8,2003,245621748.66712,1258791243,195.12508530147124
6,9,2003,245621748.66712,1258791243,195.12508530147124
6,10,2003,301128982.91802,1258791243,239.2207481522971
6,11,2003,301128982.91802,1258791243,239.2207481522971
6,12,2003,301231981.38679,1258791243,239.30257146441713
6,13,2003,303154261.5917,1258791243,240.82965565379297
6,14,2003,320766246.73883003,1258791243,254.82084382345045
6,15,2003,343232814.56025,1258791243,272.6685750865602
6,16,2003,343232814.56025,1258791243,272.6685750865602
6,17,2003,343233522.27831,1258791243,272.6691373069156
6,18,2003,343233522.27831,1258791243,272.6691373069156
6,19,2003,343335095.00986,1258791243,272.7498279949982
6,20,2003,343335095.00986,1258791243,272.7498279949982
6,21,2003,343335095.00986,1258791243,272.7498279949982
6,22,2003,343342398.80636,1258791243,272.7556302251461
6,23,2003,343342398.80636,1258791243,272.7556302251461
6,24,2003,343346051.46886003,1258791243,272.7585319473501
6,25,2003,343346051.46886003,1258791243,272.7585319473501
6,26,2003,343347255.49462,1258791243,272.759488440944
6,27,2003,343363555.62936,1258791243,272.7724374782293
6,28,2003,348314942.75854003,1258791243,276.7058832792818
6,29,2003,348320900.76838,1258791243,276.71061639914825
6,30,2003,348320900.76838,1258791243,276.71061639914825
7,1,2003,352345532.68149,1258791243,279.9078359027717
7,2,2003,372246427.29916,1258791243,295.71736327940124
7,3,2003,398700783.2336,1258791243,316.73304485611203
7,4,2003,412468125.45594,1258791243,327.6699990960614
7,5,2003,520001552.16891,1258791243,413.09594030033304
7,6,2003,541542690.46262,1258791243,430.20849840994646
7,7,2003,551923751.0269,1258791243,438.4553468226662
7,8,2003,565800847.33704,1258791243,449.47949112563055
7,9,2003,565858341.87237,1258791243,449.52516552609194
7,10,2003,565858341.87237,1258791243,449.52516552609194
7,11,2003,581152874.05026,1258791243,461.6753391652407
7,12,2003,581152874.05026,1258791243,461.6753391652407
7,13,2003,581152874.05026,1258791243,461.6753391652407
7,14,2003,581152874.05026,1258791243,461.6753391652407
7,15,2003,583351052.50467,1258791243,463.42160048270216
7,16,2003,625275736.54846,1258791243,496.7271102540233
7,17,2003,629288808.88817,1258791243,499.9151466834362
7,18,2003,629288808.88817,1258791243,499.9151466834362
7,19,2003,629288808.88817,1258791243,499.9151466834362
7,20,2003,629350000.24403,1258791243,499.96375788581014
7,21,2003,629350000.24403,1258791243,499.96375788581014
7,22,2003,629350000.24403,1258791243,499.96375788581014
7,23,2003,634257833.47805,1258791243,503.8626039107662
7,24,2003,635262329.52281,1258791243,504.6605885252492
7,25,2003,635275183.48039,1258791243,504.6707998749479
7,26,2003,635275183.48039,1258791243,504.6707998749479
7,27,2003,635491647.44642,1258791243,504.84276164162986
7,28,2003,643742890.79726994,1258791243,511.3976557884824
7,29,2003,643742890.79726994,1258791243,511.3976557884824
7,30,2003,643742890.79726994,1258791243,511.3976557884824
7,31,2003,643742890.79726994,1258791243,511.3976557884824
8,1,2003,643742890.79726994,1258791243,511.3976557884824
8,2,2003,643742890.79726994,1258791243,511.3976557884824
8,3,2003,643757718.99717,1258791243,511.409435501745
8,4,2003,643757718.99717,1258791243,511.409435501745
8,5,2003,643757718.99717,1258791243,511.409435501745
8,6,2003,643757718.99717,1258791243,511.409435501745
8,7,2003,644013769.99483,1258791243,511.61284571696854
8,8,2003,644042114.55274,1258791243,511.6353629993754
8,9,2003,646895379.45765,1258791243,513.9020334427684
8,10,2003,648192787.91449,1258791243,514.9327114555483
8,11,2003,659834844.59605,1258791243,524.1813114488357
8,12,2003,667062239.94363,1258791243,529.922847535753
8,13,2003,669696296.50023,1258791243,532.0153760397824
8,14,2003,670451829.09239,1258791243,532.6155808762564
8,15,2003,670956133.19466,1258791243,533.016206559883
8,16,2003,671289334.15453,1258791243,533.2809057002075
8,17,2003,671289334.15453,1258791243,533.2809057002075
8,18,2003,671289334.15453,1258791243,533.2809057002075
8,19,2003,671289334.15453,1258791243,533.2809057002075
8,20,2003,671289334.15453,1258791243,533.2809057002075
8,21,2003,671289334.15453,1258791243,533.2809057002075
8,22,2003,671289334.15453,1258791243,533.2809057002075
8,23,2003,673974926.6023,1258791243,535.4143749809197
8,24,2003,680452632.61387,1258791243,540.5603481894178
8,25,2003,680716181.48151,1258791243,540.7697148092649
8,26,2003,680717643.82479,1258791243,540.7708765136285
8,27,2003,680717643.82479,1258791243,540.7708765136285
8,28,2003,680717643.82479,1258791243,540.7708765136285
8,29,2003,680717643.82479,1258791243,540.7708765136285
8,30,2003,680722788.496,1258791243,540.7749635067966
8,31,2003,690592049.28486,1258791243,548.615231576456
9,1,2003,690703852.59582,1258791243,548.7040495687813
9,2,2003,690707482.90057,1258791243,548.70693352970045
9,3,2003,694112457.32693,1258791243,551.4118891331769
9,4,2003,702370958.87198,1258791243,557.972549283122
9,5,2003,729261065.5113,1258791243,579.3343968403345
9,6,2003,729275734.27238,1258791243,579.3460498933421
9,7,2003,729275734.27238,1258791243,579.3460498933421
9,8,2003,729301171.26708,1258791243,579.3662573700316
9,9,2003,729305555.1918,1258791243,579.3697400163754
9,10,2003,730366626.57496,1258791243,580.2126688094222
9,11,2003,730463998.45348,1258791243,580.290022285673
9,12,2003,789296771.23163,1258791243,627.0275358371158
9,13,2003,789296771.23163,1258791243,627.0275358371158
9,14,2003,792741981.28562,1258791243,629.7644551421621
9,15,2003,792741981.28562,1258791243,629.7644551421621
9,16,2003,792741981.28562,1258791243,629.7644551421621
9,17,2003,797466176.70507,1258791243,633.5174169185653
9,18,2003,809156767.05646,1258791243,642.8045726851788
9,19,2003,809156767.05646,1258791243,642.8045726851788
9,20,2003,816685435.24586,1258791243,648.7854438036156
9,21,2003,824221433.89331,1258791243,654.7721383324796
9,22,2003,824221433.89331,1258791243,654.7721383324796
9,23,2003,824221433.89331,1258791243,654.7721383324796
9,24,2003,824221433.89331,1258791243,654.7721383324796
9,25,2003,824221433.89331,1258791243,654.7721383324796
9,26,2003,832761349.5735,1258791243,661.5563575012096
9,27,2003,832874456.95349,1258791243,661.646211462793
9,28,2003,832874456.95349,1258791243,661.646211462793
9,29,2003,832874456.95349,1258791243,661.646211462793
9,30,2003,832874456.95349,1258791243,661.646211462793
10,1,2003,832874456.95349,1258791243,661.646211462793
10,2,2003,832874456.95349,1258791243,661.646211462793
10,3,2003,832874456.95349,1258791243,661.646211462793
10,4,2003,832874456.95349,1258791243,661.646211462793
10,5,2003,832874456.95349,1258791243,661.646211462793
10,6,2003,835049958.0872099,1258791243,663.374457624194
10,7,2003,835536684.0892,1258791243,663.7611190382264
10,8,2003,840061479.59427,1258791243,667.3556749506796
10,9,2003,843464089.51911,1258791243,670.0587521636501
10,10,2003,843550693.93501,1258791243,670.1275518287109
10,11,2003,849828065.08485,1258791243,675.1143764390248
10,12,2003,868578677.68778,1258791243,690.010104946194
10,13,2003,868613954.61001,1258791243,690.0381293882341
10,14,2003,868613954.61001,1258791243,690.0381293882341
10,15,2003,868613954.61001,1258791243,690.0381293882341
10,16,2003,868613954.61001,1258791243,690.0381293882341
10,17,2003,868613954.61001,1258791243,690.0381293882341
10,18,2003,868613954.61001,1258791243,690.0381293882341
10,19,2003,868613954.61001,1258791243,690.0381293882341
10,20,2003,868613954.61001,1258791243,690.0381293882341
10,21,2003,868613954.61001,1258791243,690.0381293882341
10,22,2003,868613954.61001,1258791243,690.0381293882341
10,23,2003,868613954.61001,1258791243,690.0381293882341
10,24,2003,868613954.61001,1258791243,690.0381293882341
10,25,2003,868613954.61001,1258791243,690.0381293882341
10,26,2003,873341563.32303,1258791243,693.7938027290757
10,27,2003,874169782.7401,1258791243,694.4517509168119
10,28,2003,874169782.7401,1258791243,694.4517509168119
10,29,2003,874169782.7401,1258791243,694.4517509168119
10,30,2003,874169782.7401,1258791243,694.4517509168119
10,31,2003,874169782.7401,1258791243,694.4517509168119
11,1,2003,874175714.2451,1258791243,694.4564629808916
11,2,2003,874397196.01928,1258791243,694.6324109590902
11,3,2003,874569355.66756,1258791243,694.7691768042909
11,4,2003,874569355.66756,1258791243,694.7691768042909
11,5,2003,874569355.66756,1258791243,694.7691768042909
11,6,2003,874573009.32531,1258791243,694.7720793171343
11,7,2003,874960438.26662,1258791243,695.0798578653761
11,8,2003,874984930.18327,1258791243,695.0993145598725
11,9,2003,875023285.3743,1258791243,695.1297844183525
11,10,2003,875023285.3743,1258791243,695.1297844183525
11,11,2003,875023285.3743,1258791243,695.1297844183525
11,12,2003,875023285.3743,1258791243,695.1297844183525
11,13,2003,875023285.3743,1258791243,695.1297844183525
11,14,2003,875023285.3743,1258791243,695.1297844183525
11,15,2003,876183258.43388,1258791243,696.051281978834
11,16,2003,876183258.43388,1258791243,696.051281978834
11,17,2003,880953191.3485,1258791243,699.8405782113468
11,18,2003,881010255.6302999,1258791243,699.8859108128543
11,19,2003,881010255.6302999,1258791243,699.8859108128543
11,20,2003,881010255.6302999,1258791243,699.8859108128543
11,21,2003,881010255.6302999,1258791243,699.8859108128543
11,22,2003,881010255.6302999,1258791243,699.8859108128543
11,23,2003,881010255.6302999,1258791243,699.8859108128543
11,24,2003,881010255.6302999,1258791243,699.8859108128543
11,25,2003,881010255.6302999,1258791243,699.8859108128543
11,26,2003,881010255.6302999,1258791243,699.8859108128543
11,27,2003,881010255.6302999,1258791243,699.8859108128543
11,28,2003,881010255.6302999,1258791243,699.8859108128543
11,29,2003,881010255.6302999,1258791243,699.8859108128543
11,30,2003,881010255.6302999,1258791243,699.8859108128543
12,1,2003,881046556.67618,1258791243,699.9147488319317
12,2,2003,881048601.50156,1258791243,699.9163732675887
12,3,2003,881048601.50156,1258791243,699.9163732675887
12,4,2003,881048601.50156,1258791243,699.9163732675887
12,5,2003,881048601.50156,1258791243,699.9163732675887
12,6,2003,881048601.50156,1258791243,699.9163732675887
12,7,2003,881048601.50156,1258791243,699.9163732675887
12,8,2003,881048601.50156,1258791243,699.9163732675887
12,9,2003,881048601.50156,1258791243,699.9163732675887
12,10,2003,881048601.50156,1258791243,699.9163732675887
12,11,2003,881048601.50156,1258791243,699.9163732675887
12,12,2003,881048601.50156,1258791243,699.9163732675887
12,13,2003,881073063.70199,1258791243,699.9358063551368
12,14,2003,881073063.70199,1258791243,699.9358063551368
12,15,2003,881073063.70199,1258791243,699.9358063551368
12,16,2003,881073063.70199,1258791243,699.9358063551368
12,17,2003,881073063.70199,1258791243,699.9358063551368
12,18,2003,881073063.70199,1258791243,699.9358063551368
12,19,2003,881073063.70199,1258791243,699.9358063551368
12,20,2003,881073063.70199,1258791243,699.9358063551368
12,21,2003,881073063.70199,1258791243,699.9358063551368
12,22,2003,881073063.70199,1258791243,699.9358063551368
12,23,2003,881073063.70199,1258791243,699.9358063551368
12,24,2003,881073063.70199,1258791243,699.9358063551368
12,25,2003,881073063.70199,1258791243,699.9358063551368
12,26,2003,881073063.70199,1258791243,699.9358063551368
12,27,2003,881073063.70199,1258791243,699.9358063551368
12,28,2003,881976482.42283,1258791243,700.6534938397486
12,29,2003,881976482.42283,1258791243,700.6534938397486
12,30,2003,881976482.42283,1258791243,700.6534938397486
12,31,2003,881976482.42283,1258791243,700.6534938397486
1,1,2004,0,1258791243,0
1,2,2004,0,1258791243,0
1,3,2004,0,1258791243,0
1,4,2004,0,1258791243,0
1,5,2004,0,1258791243,0
1,6,2004,0,1258791243,0
1,7,2004,50037.02776,1258791243,0.039750060256814164
1,8,2004,125648.12967,1258791243,0.09981649488643607
1,9,2004,125648.12967,1258791243,0.09981649488643607
1,10,2004,125648.12967,1258791243,0.09981649488643607
1,11,2004,125648.12967,1258791243,0.09981649488643607
1,12,2004,125648.12967,1258791243,0.09981649488643607
1,13,2004,125648.12967,1258791243,0.09981649488643607
1,14,2004,5592990.1827,1258791243,4.443143542507151
1,15,2004,12135798.46156,1258791243,9.640834831864174
1,16,2004,40679753.51328,1258791243,32.31652090010607
1,17,2004,52070073.61257,1258791243,41.36513810540546
1,18,2004,52070073.61257,1258791243,41.36513810540546
1,19,2004,52070073.61257,1258791243,41.36513810540546
1,20,2004,52070073.61257,1258791243,41.36513810540546
1,21,2004,52070073.61257,1258791243,41.36513810540546
1,22,2004,52333418.02261,1258791243,41.574342301497886
1,23,2004,52498321.13116,1258791243,41.70534345793824
1,24,2004,58985039.06102,1258791243,46.858475850566435
1,25,2004,62672258.00256,1258791243,49.787650137442206
1,26,2004,62672258.00256,1258791243,49.787650137442206
1,27,2004,62672258.00256,1258791243,49.787650137442206
1,28,2004,62672258.00256,1258791243,49.787650137442206
1,29,2004,62673725.44165,1258791243,49.78881588998312
1,30,2004,62673725.44165,1258791243,49.78881588998312
1,31,2004,62673725.44165,1258791243,49.78881588998312
2,1,2004,62705768.77965,1258791243,49.81427153100238
2,2,2004,62705768.77965,1258791243,49.81427153100238
2,3,2004,62705768.77965,1258791243,49.81427153100238
2,4,2004,63516722.67893,1258791243,50.45850376870631
2,5,2004,72486172.55992,1258791243,57.58395044691298
2,6,2004,72486172.55992,1258791243,57.58395044691298
2,7,2004,72486172.55992,1258791243,57.58395044691298
2,8,2004,72486172.55992,1258791243,57.58395044691298
2,9,2004,73486429.24899,1258791243,58.37856726255443
2,10,2004,76195782.74202,1258791243,60.53091262410379
2,11,2004,81132713.7506,1258791243,64.45287429648889
2,12,2004,82016061.56388,1258791243,65.15461719324973
2,13,2004,82039983.10767,1258791243,65.17362077618934
2,14,2004,82193433.76009,1258791243,65.29552395376014
2,15,2004,82193433.76009,1258791243,65.29552395376014
2,16,2004,82193433.76009,1258791243,65.29552395376014
2,17,2004,82193433.76009,1258791243,65.29552395376014
2,18,2004,82193433.76009,1258791243,65.29552395376014
2,19,2004,82193433.76009,1258791243,65.29552395376014
2,20,2004,82193433.76009,1258791243,65.29552395376014
2,21,2004,82193433.76009,1258791243,65.29552395376014
2,22,2004,85439532.19369,1258791243,67.87426641932082
2,23,2004,85857401.32837,1258791243,68.20622704980957
2,24,2004,115789756.02453,1258791243,91.98487570391367
2,25,2004,117740437.41718,1258791243,93.5345221631638
2,26,2004,117740437.41718,1258791243,93.5345221631638
2,27,2004,117740437.41718,1258791243,93.5345221631638
2,28,2004,117740437.41718,1258791243,93.5345221631638
2,29,2004,123225564.48423,1258791243,97.8919778553226
3,1,2004,123225564.48423,1258791243,97.8919778553226
3,2,2004,123225564.48423,1258791243,97.8919778553226
3,3,2004,123225564.48423,1258791243,97.8919778553226
3,4,2004,133185514.88649,1258791243,105.80429092363013
3,5,2004,133185514.88649,1258791243,105.80429092363013
3,6,2004,133185514.88649,1258791243,105.80429092363013
3,7,2004,133185514.88649,1258791243,105.80429092363013
3,8,2004,133185514.88649,1258791243,105.80429092363013
3,9,2004,133185514.88649,1258791243,105.80429092363013
3,10,2004,133185514.88649,1258791243,105.80429092363013
3,11,2004,133185514.88649,1258791243,105.80429092363013
3,12,2004,150478800.07683,1258791243,119.5422997368516
3,13,2004,152618259.71876,1258791243,121.2419140722923
3,14,2004,162311790.87352,1258791243,128.9425802539683
3,15,2004,188643462.46989,1258791243,149.86079981006827
3,16,2004,191244604.59971,1258791243,151.92718066891572
3,17,2004,191244604.59971,1258791243,151.92718066891572
3,18,2004,191244604.59971,1258791243,151.92718066891572
3,19,2004,191244604.59971,1258791243,151.92718066891572
3,20,2004,191244604.59971,1258791243,151.92718066891572
3,21,2004,191581999.68845,1258791243,152.19521167931256
3,22,2004,191581999.68845,1258791243,152.19521167931256
3,23,2004,191589513.66588,1258791243,152.20118087990227
3,24,2004,191914489.23943,1258791243,152.45934566723864
3,25,2004,191914489.23943,1258791243,152.45934566723864
3,26,2004,194466010.92712,1258791243,154.4863074068271
3,27,2004,194524271.15413,1258791243,154.53259008263535
3,28,2004,194524271.15413,1258791243,154.53259008263535
3,29,2004,198808616.44425,1258791243,157.93612924287717
3,30,2004,198808616.44425,1258791243,157.93612924287717
3,31,2004,198808616.44425,1258791243,157.93612924287717
4,1,2004,198808616.44425,1258791243,157.93612924287717
4,2,2004,229366343.74928,1258791243,182.21158196385707
4,3,2004,242131865.42778,1258791243,192.35267704176425
4,4,2004,259880101.22366,1258791243,206.45210448422225
4,5,2004,260988871.40418,1258791243,207.33292581713644
4,6,2004,295758031.67699,1258791243,234.95399520902924
4,7,2004,295758031.67699,1258791243,234.95399520902924
4,8,2004,295758031.67699,1258791243,234.95399520902924
4,9,2004,295758031.67699,1258791243,234.95399520902924
4,10,2004,312734070.61905,1258791243,248.4399795106058
4,11,2004,331979195.37406,1258791243,263.7285548498687
4,12,2004,331979195.37406,1258791243,263.7285548498687
4,13,2004,331979195.37406,1258791243,263.7285548498687
4,14,2004,331979195.37406,1258791243,263.7285548498687
4,15,2004,331979195.37406,1258791243,263.7285548498687
4,16,2004,331979195.37406,1258791243,263.7285548498687
4,17,2004,331979195.37406,1258791243,263.7285548498687
4,18,2004,331979195.37406,1258791243,263.7285548498687
4,19,2004,331979385.87007,1258791243,263.72870618235623
4,20,2004,331979385.87007,1258791243,263.72870618235623
4,21,2004,331979385.87007,1258791243,263.72870618235623
4,22,2004,331979385.87007,1258791243,263.72870618235623
4,23,2004,332179922.94358,1258791243,263.8880154201867
4,24,2004,378137139.71574,1258791243,300.3970212046828
4,25,2004,378232298.63035,1258791243,300.47261667385936
4,26,2004,378598748.66914,1258791243,300.7637293113422
4,27,2004,378598748.66914,1258791243,300.7637293113422
4,28,2004,378916540.6615,1258791243,301.0161873691236
4,29,2004,392754964.07393,1258791243,312.00960942332364
4,30,2004,392754964.07393,1258791243,312.00960942332364
5,1,2004,418154930.39226997,1258791243,332.18767028892495
5,2,2004,418154930.39226997,1258791243,332.18767028892495
5,3,2004,418154930.39226997,1258791243,332.18767028892495
5,4,2004,418154930.39226997,1258791243,332.18767028892495
5,5,2004,418154930.39226997,1258791243,332.18767028892495
5,6,2004,418154930.39226997,1258791243,332.18767028892495
5,7,2004,420756654.03175,1258791243,334.254513106547
5,8,2004,422752049.38272,1258791243,335.83968091103094
5,9,2004,422781559.3191,1258791243,335.86312398512615
5,10,2004,423127482.90906,1258791243,336.1379301468973
5,11,2004,436505013.40974,1258791243,346.76521292716046
5,12,2004,436505013.40974,1258791243,346.76521292716046
5,13,2004,438673793.40206,1258791243,348.48811972714043
5,14,2004,442873938.79564,1258791243,351.82476940351575
5,15,2004,442873938.79564,1258791243,351.82476940351575
5,16,2004,442873938.79564,1258791243,351.82476940351575
5,17,2004,442873938.79564,1258791243,351.82476940351575
5,18,2004,442873938.79564,1258791243,351.82476940351575
5,19,2004,442873938.79564,1258791243,351.82476940351575
5,20,2004,442873938.79564,1258791243,351.82476940351575
5,21,2004,442873938.79564,1258791243,351.82476940351575
5,22,2004,442980694.35429,1258791243,351.9095773962975
5,23,2004,442980694.35429,1258791243,351.9095773962975
5,24,2004,442980694.35429,1258791243,351.9095773962975
5,25,2004,442980694.35429,1258791243,351.9095773962975
5,26,2004,442980694.35429,1258791243,351.9095773962975
5,27,2004,442980694.35429,1258791243,351.9095773962975
5,28,2004,442980694.35429,1258791243,351.9095773962975
5,29,2004,442980694.35429,1258791243,351.9095773962975
5,30,2004,442980694.35429,1258791243,351.9095773962975
5,31,2004,442982004.65788,1258791243,351.9106183183704
6,1,2004,442982004.65788,1258791243,351.9106183183704
6,2,2004,442982004.65788,1258791243,351.9106183183704
6,3,2004,444066036.49998,1258791243,352.7717871961554
6,4,2004,444066036.49998,1258791243,352.7717871961554
6,5,2004,444066036.49998,1258791243,352.7717871961554
6,6,2004,444066036.49998,1258791243,352.7717871961554
6,7,2004,450236896.78979,1258791243,357.6739982054276
6,8,2004,480226423.9994,1258791243,381.498065441658
6,9,2004,570171872.15991,1258791243,452.9518896247278
6,10,2004,570171872.15991,1258791243,452.9518896247278
6,11,2004,570180831.27189,1258791243,452.9590068588442
6,12,2004,570180831.27189,1258791243,452.9590068588442
6,13,2004,586073728.42535,1258791243,465.58452935261636
6,14,2004,586073728.42535,1258791243,465.58452935261636
6,15,2004,586073728.42535,1258791243,465.58452935261636
6,16,2004,586073728.42535,1258791243,465.58452935261636
6,17,2004,586073728.42535,1258791243,465.58452935261636
6,18,2004,586073728.42535,1258791243,465.58452935261636
6,19,2004,586073728.42535,1258791243,465.58452935261636
6,20,2004,586073728.42535,1258791243,465.58452935261636
6,21,2004,586073728.42535,1258791243,465.58452935261636
6,22,2004,586073728.42535,1258791243,465.58452935261636
6,23,2004,586073728.42535,1258791243,465.58452935261636
6,24,2004,586073728.42535,1258791243,465.58452935261636
6,25,2004,601871039.49282,1258791243,478.1341170267579
6,26,2004,601871039.49282,1258791243,478.1341170267579
6,27,2004,602909331.28769,1258791243,478.95894942104394
6,28,2004,602909331.28769,1258791243,478.95894942104394
6,29,2004,637212667.06828,1258791243,506.2099618278644
6,30,2004,710994929.12805,1258791243,564.8235424911118
7,1,2004,711470267.83144,1258791243,565.201157688257
7,2,2004,711470267.83144,1258791243,565.201157688257
7,3,2004,711470267.83144,1258791243,565.201157688257
7,4,2004,711470267.83144,1258791243,565.201157688257
7,5,2004,711470267.83144,1258791243,565.201157688257
7,6,2004,711471459.89719,1258791243,565.2021046806647
7,7,2004,711471459.89719,1258791243,565.2021046806647
7,8,2004,711471459.89719,1258791243,565.2021046806647
7,9,2004,711471459.89719,1258791243,565.2021046806647
7,10,2004,711545363.57776,1258791243,565.2608147177585
7,11,2004,712160803.16434,1258791243,565.7497278636058
7,12,2004,714187806.36187,1258791243,567.3600053490919
7,13,2004,714310363.55539,1258791243,567.4573663644322
7,14,2004,714310363.55539,1258791243,567.4573663644322
7,15,2004,714310363.55539,1258791243,567.4573663644322
7,16,2004,714310363.55539,1258791243,567.4573663644322
7,17,2004,714310363.55539,1258791243,567.4573663644322
7,18,2004,714327145.42081,1258791243,567.4706980947832
7,19,2004,714329297.13981,1258791243,567.4724074481109
7,20,2004,714329297.13981,1258791243,567.4724074481109
7,21,2004,714329297.13981,1258791243,567.4724074481109
7,22,2004,714329297.13981,1258791243,567.4724074481109
7,23,2004,720183567.25242,1258791243,572.1231151370664
7,24,2004,720482037.44658,1258791243,572.360223709135
7,25,2004,722469769.46849,1258791243,573.9393036661679
7,26,2004,722539752.74307,1258791243,573.994899282176
7,27,2004,722539752.74307,1258791243,573.994899282176
7,28,2004,722539752.74307,1258791243,573.994899282176
7,29,2004,725118222.8324,1258791243,576.043269179622
7,30,2004,791888565.4168301,1258791243,629.0864905681823
7,31,2004,791998374.27069,1258791243,629.1737241380619
8,1,2004,791998374.27069,1258791243,629.1737241380619
8,2,2004,792153196.17095,1258791243,629.2967166526039
8,3,2004,794208582.98775,1258791243,630.9295424513451
8,4,2004,794208582.98775,1258791243,630.9295424513451
8,5,2004,794208582.98775,1258791243,630.9295424513451
8,6,2004,799292844.86679,1258791243,634.9685456675759
8,7,2004,806316218.35098,1258791243,640.5480041546333
8,8,2004,807076726.75551,1258791243,641.1521618406349
8,9,2004,807189618.76905,1258791243,641.2418447123325
8,10,2004,808465662.1135,1258791243,642.2555500042512
8,11,2004,809240310.32609,1258791243,642.8709405361584
8,12,2004,809245139.7144,1258791243,642.874777064524
8,13,2004,809245139.7144,1258791243,642.874777064524
8,14,2004,809245139.7144,1258791243,642.874777064524
8,15,2004,809245139.7144,1258791243,642.874777064524
8,16,2004,809245139.7144,1258791243,642.874777064524
8,17,2004,809245139.7144,1258791243,642.874777064524
8,18,2004,809245139.7144,1258791243,642.874777064524
8,19,2004,809685130.58655,1258791243,643.2243114885969
8,20,2004,809685130.58655,1258791243,643.2243114885969
8,21,2004,811160502.99134,1258791243,644.3963663571021
8,22,2004,819957509.36343,1258791243,651.3848216875704
8,23,2004,855320360.17989,1258791243,679.477526505076
8,24,2004,855320360.17989,1258791243,679.477526505076
8,25,2004,855320360.17989,1258791243,679.477526505076
8,26,2004,855320360.17989,1258791243,679.477526505076
8,27,2004,855320360.17989,1258791243,679.477526505076
8,28,2004,855330702.61396,1258791243,679.4857426681035
8,29,2004,857029283.53479,1258791243,680.8351172608134
8,30,2004,857040188.43744,1258791243,680.8437802561358
8,31,2004,872981434.30118,1258791243,693.5077115889818
9,1,2004,874576447.81078,1258791243,694.7748108943431
9,2,2004,874595792.87862,1258791243,694.7901788657581
9,3,2004,874595792.87862,1258791243,694.7901788657581
9,4,2004,879417661.1417,1258791243,698.6207332089774
9,5,2004,885215649.82627,1258791243,703.2267302055501
9,6,2004,898563524.11234,1258791243,713.8304537064054
9,7,2004,898563524.11234,1258791243,713.8304537064054
9,8,2004,898563524.11234,1258791243,713.8304537064054
9,9,2004,898563524.11234,1258791243,713.8304537064054
9,10,2004,898563524.11234,1258791243,713.8304537064054
9,11,2004,898572726.89593,1258791243,713.8377645163916
9,12,2004,898572726.89593,1258791243,713.8377645163916
9,13,2004,898572726.89593,1258791243,713.8377645163916
9,14,2004,899082062.40492,1258791243,714.2423872144144
9,15,2004,899082062.40492,1258791243,714.2423872144144
9,16,2004,900514750.19492,1258791243,715.3805328743615
9,17,2004,900514750.19492,1258791243,715.3805328743615
9,18,2004,900514750.19492,1258791243,715.3805328743615
9,19,2004,900514750.19492,1258791243,715.3805328743615
9,20,2004,900514750.19492,1258791243,715.3805328743615
9,21,2004,900514750.19492,1258791243,715.3805328743615
9,22,2004,900778617.79505,1258791243,715.5901526994099
9,23,2004,904889334.8751401,1258791243,718.8557593700548
9,24,2004,918059177.37488,1258791243,729.3180521235005
9,25,2004,918059177.37488,1258791243,729.3180521235005
9,26,2004,918118599.3613,1258791243,729.365257715969
9,27,2004,920980946.21878,1258791243,731.6391429796275
9,28,2004,927864566.83479,1258791243,737.1075799855957
9,29,2004,927864566.83479,1258791243,737.1075799855957
9,30,2004,927864566.83479,1258791243,737.1075799855957
10,1,2004,927864566.83479,1258791243,737.1075799855957
10,2,2004,972123264.04719,1258791243,772.2672599234073
10,3,2004,972123264.04719,1258791243,772.2672599234073
10,4,2004,972128815.32241,1258791243,772.2716699280454
10,5,2004,976552699.75719,1258791243,775.7860607846554
10,6,2004,977309087.47913,1258791243,776.3869449472569
10,7,2004,978803400.23305,1258791243,777.5740462734137
10,8,2004,978803400.23305,1258791243,777.5740462734137
10,9,2004,979597533.0641,1258791243,778.2049156375487
10,10,2004,979597533.0641,1258791243,778.2049156375487
10,11,2004,979597533.0641,1258791243,778.2049156375487
10,12,2004,979597533.0641,1258791243,778.2049156375487
10,13,2004,979916381.8833001,1258791243,778.4582132522033
10,14,2004,995316043.54935,1258791243,790.6919031127626
10,15,2004,995316043.54935,1258791243,790.6919031127626
10,16,2004,995316043.54935,1258791243,790.6919031127626
10,17,2004,995316043.54935,1258791243,790.6919031127626
10,18,2004,995316043.54935,1258791243,790.6919031127626
10,19,2004,995316043.54935,1258791243,790.6919031127626
10,20,2004,995316043.54935,1258791243,790.6919031127626
10,21,2004,995316043.54935,1258791243,790.6919031127626
10,22,2004,995316043.54935,1258791243,790.6919031127626
10,23,2004,1012589306.82277,1258791243,804.4140062569295
10,24,2004,1029665496.19696,1258791243,817.9795513535837
10,25,2004,1029987149.72267,1258791243,818.2350770632664
10,26,2004,1029987213.74533,1258791243,818.2351279236933
10,27,2004,1029987213.74533,1258791243,818.2351279236933
10,28,2004,1029987213.74533,1258791243,818.2351279236933
10,29,2004,1029987213.74533,1258791243,818.2351279236933
10,30,2004,1029987547.84658,1258791243,818.2353933380358
10,31,2004,1030261497.16086,1258791243,818.4530222068441
11,1,2004,1065716794.48764,1258791243,846.6191677245724
11,2,2004,1067575342.27384,1258791243,848.0956220584702
11,3,2004,1067575342.27384,1258791243,848.0956220584702
11,4,2004,1067575342.27384,1258791243,848.0956220584702
11,5,2004,1067575342.27384,1258791243,848.0956220584702
11,6,2004,1067575342.27384,1258791243,848.0956220584702
11,7,2004,1067575342.27384,1258791243,848.0956220584702
11,8,2004,1067575342.27384,1258791243,848.0956220584702
11,9,2004,1067575342.27384,1258791243,848.0956220584702
11,10,2004,1067575342.27384,1258791243,848.0956220584702
11,11,2004,1067575342.27384,1258791243,848.0956220584702
11,12,2004,1067575342.27384,1258791243,848.0956220584702
11,13,2004,1067689702.26306,1258791243,848.1864711089827
11,14,2004,1096530286.67206,1258791243,871.0978033647315
11,15,2004,1114093127.65744,1258791243,885.049950778407
11,16,2004,1117061996.94578,1258791243,887.408458835124
11,17,2004,1155459275.5810199,1258791243,917.9117522515367
11,18,2004,1155459275.5810199,1258791243,917.9117522515367
11,19,2004,1155459275.5810199,1258791243,917.9117522515367
11,20,2004,1155656434.73667,1258791243,918.068378027849
11,21,2004,1155716841.9774399,1258791243,918.1163663190814
11,22,2004,1171231537.92834,1258791243,930.4414408992992
11,23,2004,1171276497.97845,1258791243,930.4771577430254
11,24,2004,1171868142.56306,1258791243,930.947167832387
11,25,2004,1171868142.56306,1258791243,930.947167832387
11,26,2004,1171868142.56306,1258791243,930.947167832387
11,27,2004,1171868142.56306,1258791243,930.947167832387
11,28,2004,1171868142.56306,1258791243,930.947167832387
11,29,2004,1171868142.56306,1258791243,930.947167832387
11,30,2004,1174169685.02595,1258791243,932.7755428514289
12,1,2004,1174169685.02595,1258791243,932.7755428514289
12,2,2004,1174169685.02595,1258791243,932.7755428514289
12,3,2004,1174169685.02595,1258791243,932.7755428514289
12,4,2004,1174169685.02595,1258791243,932.7755428514289
12,5,2004,1174759937.321,1258791243,933.2444468880057
12,6,2004,1179506679.66541,1258791243,937.0153202324192
12,7,2004,1179506679.66541,1258791243,937.0153202324192
12,8,2004,1179506679.66541,1258791243,937.0153202324192
12,9,2004,1179506679.66541,1258791243,937.0153202324192
12,10,2004,1179506679.66541,1258791243,937.0153202324192
12,11,2004,1179506679.66541,1258791243,937.0153202324192
12,12,2004,1179506679.66541,1258791243,937.0153202324192
12,13,2004,1179506679.66541,1258791243,937.0153202324192
12,14,2004,1179506679.66541,1258791243,937.0153202324192
12,15,2004,1179506679.66541,1258791243,937.0153202324192
12,16,2004,1179506679.66541,1258791243,937.0153202324192
12,17,2004,1179506679.66541,1258791243,937.0153202324192
12,18,2004,1179506679.66541,1258791243,937.0153202324192
12,19,2004,1179506679.66541,1258791243,937.0153202324192
12,20,2004,1179506679.66541,1258791243,937.0153202324192
12,21,2004,1179529180.06524,1258791243,937.0331948402662
12,22,2004,1180246919.43153,1258791243,937.6033762506322
12,23,2004,1180246919.43153,1258791243,937.6033762506322
12,24,2004,1180246919.43153,1258791243,937.6033762506322
12,25,2004,1180246919.43153,1258791243,937.6033762506322
12,26,2004,1180246919.43153,1258791243,937.6033762506322
12,27,2004,1180246919.43153,1258791243,937.6033762506322
12,28,2004,1180246919.43153,1258791243,937.6033762506322
12,29,2004,1180246919.43153,1258791243,937.6033762506322
12,30,2004,1180246919.43153,1258791243,937.6033762506322
12,31,2004,1180246919.43153,1258791243,937.6033762506322
1,1,2005,0,1258791243,0
1,2,2005,1243535.1996,1258791243,0.9878804023424558
1,3,2005,5284823.743749999,1258791243,4.198332148510188
1,4,2005,5284823.743749999,1258791243,4.198332148510188
1,5,2005,5366391.41962,1258791243,4.263130562324701
1,6,2005,5366391.41962,1258791243,4.263130562324701
1,7,2005,5371287.32934,1258791243,4.2670199361563235
1,8,2005,5371287.32934,1258791243,4.2670199361563235
1,9,2005,5371287.32934,1258791243,4.2670199361563235
1,10,2005,5371287.32934,1258791243,4.2670199361563235
1,11,2005,5371287.32934,1258791243,4.2670199361563235
1,12,2005,5371287.32934,1258791243,4.2670199361563235
1,13,2005,5371287.32934,1258791243,4.2670199361563235
1,14,2005,5371287.32934,1258791243,4.2670199361563235
1,15,2005,5371287.32934,1258791243,4.2670199361563235
1,16,2005,5371287.32934,1258791243,4.2670199361563235
1,17,2005,5371287.32934,1258791243,4.2670199361563235
1,18,2005,5371287.32934,1258791243,4.2670199361563235
1,19,2005,5465513.53587,1258791243,4.341874450003621
1,20,2005,5465513.53587,1258791243,4.341874450003621
1,21,2005,5465513.53587,1258791243,4.341874450003621
1,22,2005,5644522.937829999,1258791243,4.484081827879383
1,23,2005,5644522.937829999,1258791243,4.484081827879383
1,24,2005,5644522.937829999,1258791243,4.484081827879383
1,25,2005,5644522.937829999,1258791243,4.484081827879383
1,26,2005,5644522.937829999,1258791243,4.484081827879383
1,27,2005,47105211.08886,1258791243,37.420987277125505
1,28,2005,56725586.07733,1258791243,45.063537256693486
1,29,2005,56725586.07733,1258791243,45.063537256693486
1,30,2005,57057546.36048,1258791243,45.327250787428625
1,31,2005,60161933.00688,1258791243,47.7934155813634
2,1,2005,70126340.96783,1258791243,55.70926979179025
2,2,2005,70165752.18227,1258791243,55.74057856888825
2,3,2005,70165752.18227,1258791243,55.74057856888825
2,4,2005,70165752.18227,1258791243,55.74057856888825
2,5,2005,70270009.13518,1258791243,55.823401637041734
2,6,2005,75713336.80624,1258791243,60.14765134987518
2,7,2005,78636568.41386999,1258791243,62.46990424437676
2,8,2005,78831318.80875,1258791243,62.6246164700639
2,9,2005,78831318.80875,1258791243,62.6246164700639
2,10,2005,78831318.80875,1258791243,62.6246164700639
2,11,2005,78836580.19371,1258791243,62.62879618214026
2,12,2005,81838643.35026,1258791243,65.01367387591526
2,13,2005,83005532.3716,1258791243,65.9406655656247
2,14,2005,83005532.3716,1258791243,65.9406655656247
2,15,2005,83005532.3716,1258791243,65.9406655656247
2,16,2005,83005532.3716,1258791243,65.9406655656247
2,17,2005,83005532.3716,1258791243,65.9406655656247
2,18,2005,83005532.3716,1258791243,65.9406655656247
2,19,2005,83963863.9959,1258791243,66.70197656904101
2,20,2005,85140195.84331,1258791243,67.63646976157904
2,21,2005,85251092.41644,1258791243,67.72456742967665
2,22,2005,85251092.41644,1258791243,67.72456742967665
2,23,2005,85251092.41644,1258791243,67.72456742967665
2,24,2005,118990693.98578,1258791243,94.52774210773565
2,25,2005,119302513.59729,1258791243,94.77545562913484
2,26,2005,136383677.39625,1258791243,108.3449524729892
2,27,2005,136463698.95026,1258791243,108.40852262765543
2,28,2005,136576356.60036,1258791243,108.49801931801332
3,1,2005,136576356.60036,1258791243,108.49801931801332
3,2,2005,137469508.46826,1258791243,109.2075506822222
3,3,2005,137469508.46826,1258791243,109.2075506822222
3,4,2005,137469508.46826,1258791243,109.2075506822222
3,5,2005,144846797.08468,1258791243,115.06816391530934
3,6,2005,159843963.71974,1258791243,126.98210653165468
3,7,2005,160778050.16161,1258791243,127.72415684942132
3,8,2005,160778050.16161,1258791243,127.72415684942132
3,9,2005,160830956.23169,1258791243,127.76618611390356
3,10,2005,160830956.23169,1258791243,127.76618611390356
3,11,2005,160830956.23169,1258791243,127.76618611390356
3,12,2005,160830956.23169,1258791243,127.76618611390356
3,13,2005,160830956.23169,1258791243,127.76618611390356
3,14,2005,160830956.23169,1258791243,127.76618611390356
3,15,2005,160830956.23169,1258791243,127.76618611390356
3,16,2005,164606153.65879,1258791243,130.76525164450163
3,17,2005,164606153.65879,1258791243,130.76525164450163
3,18,2005,164606153.65879,1258791243,130.76525164450163
3,19,2005,164606153.65879,1258791243,130.76525164450163
3,20,2005,164606153.65879,1258791243,130.76525164450163
3,21,2005,164608016.02752998,1258791243,130.7667311342505
3,22,2005,164608016.02752998,1258791243,130.7667311342505
3,23,2005,164608016.02752998,1258791243,130.7667311342505
3,24,2005,164608016.02752998,1258791243,130.7667311342505
3,25,2005,164608016.02752998,1258791243,130.7667311342505
3,26,2005,187134756.97815,1258791243,148.66226470734196
3,27,2005,189557784.65328,1258791243,150.58714914596843
3,28,2005,189557784.65328,1258791243,150.58714914596843
3,29,2005,189557784.65328,1258791243,150.58714914596843
3,30,2005,189557784.65328,1258791243,150.58714914596843
3,31,2005,189557784.65328,1258791243,150.58714914596843
4,1,2005,189812459.76803,1258791243,150.78946634206127
4,2,2005,189812459.76803,1258791243,150.78946634206127
4,3,2005,189812459.76803,1258791243,150.78946634206127
4,4,2005,189812459.76803,1258791243,150.78946634206127
4,5,2005,189812459.76803,1258791243,150.78946634206127
4,6,2005,189815292.79875,1258791243,150.79171693820723
4,7,2005,189815292.79875,1258791243,150.79171693820723
4,8,2005,189815292.79875,1258791243,150.79171693820723
4,9,2005,189815292.79875,1258791243,150.79171693820723
4,10,2005,189815292.79875,1258791243,150.79171693820723
4,11,2005,195556229.33231,1258791243,155.35239097012845
4,12,2005,195556229.33231,1258791243,155.35239097012845
4,13,2005,195556229.33231,1258791243,155.35239097012845
4,14,2005,195556229.33231,1258791243,155.35239097012845
4,15,2005,195556229.33231,1258791243,155.35239097012845
4,16,2005,195556229.33231,1258791243,155.35239097012845
4,17,2005,195791491.27775002,1258791243,155.53928609412006
4,18,2005,195853740.22365,1258791243,155.58873745966312
4,19,2005,195853740.22365,1258791243,155.58873745966312
4,20,2005,195853740.22365,1258791243,155.58873745966312
4,21,2005,195853740.22365,1258791243,155.58873745966312
4,22,2005,196173154.30996,1258791243,155.84248412980102
4,23,2005,196176956.33767,1258791243,155.84550450965443
4,24,2005,196176956.33767,1258791243,155.84550450965443
4,25,2005,196384099.69368,1258791243,156.01006186351424
4,26,2005,196384099.69368,1258791243,156.01006186351424
4,27,2005,196384099.69368,1258791243,156.01006186351424
4,28,2005,196384099.69368,1258791243,156.01006186351424
4,29,2005,196384099.69368,1258791243,156.01006186351424
4,30,2005,201126650.48618,1258791243,159.7776053850257
5,1,2005,201126650.48618,1258791243,159.7776053850257
5,2,2005,201126650.48618,1258791243,159.7776053850257
5,3,2005,201132289.25295,1258791243,159.78208489407965
5,4,2005,201814266.74773,1258791243,160.32385661244228
5,5,2005,201814266.74773,1258791243,160.32385661244228
5,6,2005,201814266.74773,1258791243,160.32385661244228
5,7,2005,201814266.74773,1258791243,160.32385661244228
5,8,2005,244517386.61322,1258791243,194.24776584120232
5,9,2005,244524200.25161,1258791243,194.2531786834253
5,10,2005,244524200.25161,1258791243,194.2531786834253
5,11,2005,244524200.25161,1258791243,194.2531786834253
5,12,2005,244524200.25161,1258791243,194.2531786834253
5,13,2005,244524200.25161,1258791243,194.2531786834253
5,14,2005,248025592.8834,1258791243,197.03473015294878
5,15,2005,259222216.03389,1258791243,205.92947200371492
5,16,2005,265982852.25177,1258791243,211.30020861749034
5,17,2005,265982852.25177,1258791243,211.30020861749034
5,18,2005,265982852.25177,1258791243,211.30020861749034
5,19,2005,265982852.25177,1258791243,211.30020861749034
5,20,2005,265982852.25177,1258791243,211.30020861749034
5,21,2005,265982852.25177,1258791243,211.30020861749034
5,22,2005,265982852.25177,1258791243,211.30020861749034
5,23,2005,265982852.25177,1258791243,211.30020861749034
5,24,2005,265982852.25177,1258791243,211.30020861749034
5,25,2005,265982852.25177,1258791243,211.30020861749034
5,26,2005,272738870.57843,1258791243,216.6672767189166
5,27,2005,272738870.57843,1258791243,216.6672767189166
5,28,2005,291249015.15329,1258791243,231.37197432290208
5,29,2005,317275501.83148,1258791243,252.04775104356202
5,30,2005,320821791.86112,1258791243,254.8649695850482
5,31,2005,320821791.86112,1258791243,254.8649695850482
6,1,2005,362255895.93134,1258791243,287.7807562976032
6,2,2005,362255895.93134,1258791243,287.7807562976032
6,3,2005,362385181.1001,1258791243,287.88346210325517
6,4,2005,362385181.1001,1258791243,287.88346210325517
6,5,2005,362387415.2409,1258791243,287.88523693352386
6,6,2005,362387415.2409,1258791243,287.88523693352386
6,7,2005,362387415.2409,1258791243,287.88523693352386
6,8,2005,362387415.2409,1258791243,287.88523693352386
6,9,2005,362387415.2409,1258791243,287.88523693352386
6,10,2005,362387415.2409,1258791243,287.88523693352386
6,11,2005,362387415.2409,1258791243,287.88523693352386
6,12,2005,362387415.2409,1258791243,287.88523693352386
6,13,2005,362387415.2409,1258791243,287.88523693352386
6,14,2005,362387415.2409,1258791243,287.88523693352386
6,15,2005,362407470.30234003,1258791243,287.9011689330127
6,16,2005,362407470.30234003,1258791243,287.9011689330127
6,17,2005,362407470.30234003,1258791243,287.9011689330127
6,18,2005,362407470.30234003,1258791243,287.9011689330127
6,19,2005,362407470.30234003,1258791243,287.9011689330127
6,20,2005,362407470.30234003,1258791243,287.9011689330127
6,21,2005,362407470.30234003,1258791243,287.9011689330127
6,22,2005,362407470.30234003,1258791243,287.9011689330127
6,23,2005,362407470.30234003,1258791243,287.9011689330127
6,24,2005,362407470.30234003,1258791243,287.9011689330127
6,25,2005,362407470.30234003,1258791243,287.9011689330127
6,26,2005,362411391.27575,1258791243,287.9042838048644
6,27,2005,362411391.27575,1258791243,287.9042838048644
6,28,2005,362411391.27575,1258791243,287.9042838048644
6,29,2005,362464236.78441,1258791243,287.94626495857347
6,30,2005,362464236.78441,1258791243,287.94626495857347
7,1,2005,362464236.78441,1258791243,287.94626495857347
7,2,2005,362501676.45437,1258791243,287.9760075153065
7,3,2005,362501676.45437,1258791243,287.9760075153065
7,4,2005,362501676.45437,1258791243,287.9760075153065
7,5,2005,362501676.45437,1258791243,287.9760075153065
7,6,2005,362501676.45437,1258791243,287.9760075153065
7,7,2005,362516432.49541,1258791243,287.98772990464
7,8,2005,362603356.83535,1258791243,288.05678372148475
7,9,2005,368666014.65464,1258791243,292.8730372925227
7,10,2005,368666014.65464,1258791243,292.8730372925227
7,11,2005,368666014.65464,1258791243,292.8730372925227
7,12,2005,368666014.65464,1258791243,292.8730372925227
7,13,2005,368697405.34959,1258791243,292.8979744654849
7,14,2005,372796141.74609,1258791243,296.1540635265525
7,15,2005,384674289.08388,1258791243,305.5902169823722
7,16,2005,387945007.41526,1258791243,308.1885178122899
7,17,2005,390902805.68893003,1258791243,310.5382309121529
7,18,2005,391050949.91759,1258791243,310.6559185982437
7,19,2005,391140756.50483,1258791243,310.7272621095204
7,20,2005,393926767.57798,1258791243,312.9405052414874
7,21,2005,394759232.21252,1258791243,313.60182588473884
7,22,2005,394903164.9506,1258791243,313.71616790839084
7,23,2005,394940095.07399,1258791243,313.74550567475626
7,24,2005,395213734.47056,1258791243,313.9628883409384
7,25,2005,396080031.4891,1258791243,314.6510858664275
7,26,2005,396080031.4891,1258791243,314.6510858664275
7,27,2005,396253582.26223,1258791243,314.7889568391524
7,28,2005,417161673.02651,1258791243,331.39861382600196
7,29,2005,418358560.05655,1258791243,332.34943632075306
7,30,2005,429987961.89464,1258791243,341.5879831431589
7,31,2005,430267916.83753,1258791243,341.81038296079885
8,1,2005,430267916.83753,1258791243,341.81038296079885
8,2,2005,431450248.4456,1258791243,342.7496424405933
8,3,2005,431450248.4456,1258791243,342.7496424405933
8,4,2005,432741132.02344,1258791243,343.7751370053342
8,5,2005,442871669.1021,1258791243,351.8229663296919
8,6,2005,444692297.63307,1258791243,353.2692971181322
8,7,2005,444858469.92784,1258791243,353.40130653247644
8,8,2005,444858469.92784,1258791243,353.40130653247644
8,9,2005,447255814.91052,1258791243,355.3057883089516
8,10,2005,486426813.4828,1258791243,386.42373482320136
8,11,2005,486638811.68454,1258791243,386.59214892912945
8,12,2005,486638811.68454,1258791243,386.59214892912945
8,13,2005,486740478.12953,1258791243,386.67291406437755
8,14,2005,490017810.45089,1258791243,389.2764691332461
8,15,2005,490874622.62259,1258791243,389.9571317740649
8,16,2005,491089577.96359,1258791243,390.127895069564
8,17,2005,491101123.56016,1258791243,390.1370670404004
8,18,2005,491101123.56016,1258791243,390.1370670404004
8,19,2005,491101123.56016,1258791243,390.1370670404004
8,20,2005,500441488.19751,1258791243,397.55717318531583
8,21,2005,500441488.19751,1258791243,397.55717318531583
8,22,2005,500441488.19751,1258791243,397.55717318531583
8,23,2005,500441488.19751,1258791243,397.55717318531583
8,24,2005,500441488.19751,1258791243,397.55717318531583
8,25,2005,500441488.19751,1258791243,397.55717318531583
8,26,2005,500441488.19751,1258791243,397.55717318531583
8,27,2005,501455470.05206,1258791243,398.3626934494491
8,28,2005,507539962.83734,1258791243,403.19629299910855
8,29,2005,511126766.25921,1258791243,406.0456959019455
8,30,2005,511133478.34745,1258791243,406.05102807141947
8,31,2005,511133478.34745,1258791243,406.05102807141947
9,1,2005,511133478.34745,1258791243,406.05102807141947
9,2,2005,511188293.71848,1258791243,406.09457410920356
9,3,2005,511455089.64928,1258791243,406.3065202379073
9,4,2005,511491899.88026,1258791243,406.3357627601958
9,5,2005,511491899.88026,1258791243,406.3357627601958
9,6,2005,511491899.88026,1258791243,406.3357627601958
9,7,2005,511491899.88026,1258791243,406.3357627601958
9,8,2005,511491899.88026,1258791243,406.3357627601958
9,9,2005,511492468.05917,1258791243,406.3362141288506
9,10,2005,513499723.4545,1258791243,407.93080370555134
9,11,2005,555784270.02847,1258791243,441.52219291254636
9,12,2005,555802357.98523,1258791243,441.5365622187046
9,13,2005,555802357.98523,1258791243,441.5365622187046
9,14,2005,555802357.98523,1258791243,441.5365622187046
9,15,2005,555802357.98523,1258791243,441.5365622187046
9,16,2005,555802357.98523,1258791243,441.5365622187046
9,17,2005,555802357.98523,1258791243,441.5365622187046
9,18,2005,555802357.98523,1258791243,441.5365622187046
9,19,2005,555802357.98523,1258791243,441.5365622187046
9,20,2005,555802357.98523,1258791243,441.5365622187046
9,21,2005,555802357.98523,1258791243,441.5365622187046
9,22,2005,555802357.98523,1258791243,441.5365622187046
9,23,2005,555802357.98523,1258791243,441.5365622187046
9,24,2005,555802357.98523,1258791243,441.5365622187046
9,25,2005,555802357.98523,1258791243,441.5365622187046
9,26,2005,555802357.98523,1258791243,441.5365622187046
9,27,2005,555802357.98523,1258791243,441.5365622187046
9,28,2005,555802357.98523,1258791243,441.5365622187046
9,29,2005,555802357.98523,1258791243,441.5365622187046
9,30,2005,555802357.98523,1258791243,441.5365622187046
10,1,2005,555802357.98523,1258791243,441.5365622187046
10,2,2005,555802357.98523,1258791243,441.5365622187046
10,3,2005,556038907.95713,1258791243,441.7244805675296
10,4,2005,556038907.95713,1258791243,441.7244805675296
10,5,2005,556145650.41559,1258791243,441.80927815335144
10,6,2005,556145650.41559,1258791243,441.80927815335144
10,7,2005,557038967.86159,1258791243,442.5189410549387
10,8,2005,557038967.86159,1258791243,442.5189410549387
10,9,2005,557038967.86159,1258791243,442.5189410549387
10,10,2005,585412252.30316,1258791243,465.0590441890768
10,11,2005,599107718.28669,1258791243,475.9388990178175
10,12,2005,599107718.28669,1258791243,475.9388990178175
10,13,2005,606223271.30751,1258791243,481.59158611775473
10,14,2005,610919857.87783,1258791243,485.3226150682953
10,15,2005,610919857.87783,1258791243,485.3226150682953
10,16,2005,610919857.87783,1258791243,485.3226150682953
10,17,2005,610919857.87783,1258791243,485.3226150682953
10,18,2005,610919857.87783,1258791243,485.3226150682953
10,19,2005,610919857.87783,1258791243,485.3226150682953
10,20,2005,610919857.87783,1258791243,485.3226150682953
10,21,2005,610919857.87783,1258791243,485.3226150682953
10,22,2005,610919857.87783,1258791243,485.3226150682953
10,23,2005,610919857.87783,1258791243,485.3226150682953
10,24,2005,614556171.49975,1258791243,488.21134951266106
10,25,2005,614556171.49975,1258791243,488.21134951266106
10,26,2005,614556171.49975,1258791243,488.21134951266106
10,27,2005,624537333.63462,1258791243,496.14051345495415
10,28,2005,627166223.56767,1258791243,498.22893752659354
10,29,2005,627166223.56767,1258791243,498.22893752659354
10,30,2005,627166223.56767,1258791243,498.22893752659354
10,31,2005,630017442.58775,1258791243,500.49398269268863
11,1,2005,630017442.58775,1258791243,500.49398269268863
11,2,2005,630017442.58775,1258791243,500.49398269268863
11,3,2005,630017442.58775,1258791243,500.49398269268863
11,4,2005,630017442.58775,1258791243,500.49398269268863
11,5,2005,630017442.58775,1258791243,500.49398269268863
11,6,2005,630017442.58775,1258791243,500.49398269268863
11,7,2005,630017442.58775,1258791243,500.49398269268863
11,8,2005,630443711.90044,1258791243,500.8326165329384
11,9,2005,630443711.90044,1258791243,500.8326165329384
11,10,2005,630443711.90044,1258791243,500.8326165329384
11,11,2005,630443711.90044,1258791243,500.8326165329384
11,12,2005,630443711.90044,1258791243,500.8326165329384
11,13,2005,630443711.90044,1258791243,500.8326165329384
11,14,2005,630595790.34656,1258791243,500.9534296121251
11,15,2005,630595790.34656,1258791243,500.9534296121251
11,16,2005,630595790.34656,1258791243,500.9534296121251
11,17,2005,630595790.34656,1258791243,500.9534296121251
11,18,2005,630595790.34656,1258791243,500.9534296121251
11,19,2005,630595790.34656,1258791243,500.9534296121251
11,20,2005,630595790.34656,1258791243,500.9534296121251
11,21,2005,630595790.34656,1258791243,500.9534296121251
11,22,2005,630595790.34656,1258791243,500.9534296121251
11,23,2005,630595790.34656,1258791243,500.9534296121251
11,24,2005,630595790.34656,1258791243,500.9534296121251
11,25,2005,630595790.34656,1258791243,500.9534296121251
11,26,2005,663984807.8782,1258791243,527.4780958086154
11,27,2005,663984807.8782,1258791243,527.4780958086154
11,28,2005,663984807.8782,1258791243,527.4780958086154
11,29,2005,663984807.8782,1258791243,527.4780958086154
11,30,2005,663984807.8782,1258791243,527.4780958086154
12,1,2005,663984807.8782,1258791243,527.4780958086154
12,2,2005,663984807.8782,1258791243,527.4780958086154
12,3,2005,663984807.8782,1258791243,527.4780958086154
12,4,2005,663984807.8782,1258791243,527.4780958086154
12,5,2005,663984807.8782,1258791243,527.4780958086154
12,6,2005,663984807.8782,1258791243,527.4780958086154
12,7,2005,663987475.95367,1258791243,527.480215362183
12,8,2005,663987475.95367,1258791243,527.480215362183
12,9,2005,663987475.95367,1258791243,527.480215362183
12,10,2005,663987475.95367,1258791243,527.480215362183
12,11,2005,663987475.95367,1258791243,527.480215362183
12,12,2005,663987475.95367,1258791243,527.480215362183
12,13,2005,663987475.95367,1258791243,527.480215362183
12,14,2005,664168118.60616,1258791243,527.6237202153463
12,15,2005,664168118.60616,1258791243,527.6237202153463
12,16,2005,665519452.30678,1258791243,528.6972371373416
12,17,2005,665929983.40102,1258791243,529.0233683338549
12,18,2005,665929983.40102,1258791243,529.0233683338549
12,19,2005,665929983.40102,1258791243,529.0233683338549
12,20,2005,665929983.40102,1258791243,529.0233683338549
12,21,2005,665929983.40102,1258791243,529.0233683338549
12,22,2005,665929983.40102,1258791243,529.0233683338549
12,23,2005,665929983.40102,1258791243,529.0233683338549
12,24,2005,665929983.40102,1258791243,529.0233683338549
12,25,2005,665929983.40102,1258791243,529.0233683338549
12,26,2005,665929983.40102,1258791243,529.0233683338549
12,27,2005,665929983.40102,1258791243,529.0233683338549
12,28,2005,665929983.40102,1258791243,529.0233683338549
12,29,2005,665929983.40102,1258791243,529.0233683338549
12,30,2005,665929983.40102,1258791243,529.0233683338549
12,31,2005,665929983.40102,1258791243,529.0233683338549
1,1,2006,0,1258791243,0
1,2,2006,0,1258791243,0
1,3,2006,0,1258791243,0
1,4,2006,0,1258791243,0
1,5,2006,0,1258791243,0
1,6,2006,0,1258791243,0
1,7,2006,0,1258791243,0
1,8,2006,0,1258791243,0
1,9,2006,0,1258791243,0
1,10,2006,0,1258791243,0
1,11,2006,0,1258791243,0
1,12,2006,0,1258791243,0
1,13,2006,0,1258791243,0
1,14,2006,0,1258791243,0
1,15,2006,0,1258791243,0
1,16,2006,685441.31623,1258791243,0.5445234228007734
1,17,2006,1256400.31711,1258791243,0.9981006176335467
1,18,2006,1256400.31711,1258791243,0.9981006176335467
1,19,2006,1256400.31711,1258791243,0.9981006176335467
1,20,2006,1256400.31711,1258791243,0.9981006176335467
1,21,2006,1256400.31711,1258791243,0.9981006176335467
1,22,2006,2132851.42815,1258791243,1.6943646851775884
1,23,2006,2132851.42815,1258791243,1.6943646851775884
1,24,2006,2132851.42815,1258791243,1.6943646851775884
1,25,2006,2132851.42815,1258791243,1.6943646851775884
1,26,2006,2575146.20073,1258791243,2.0457293574690047
1,27,2006,2575300.08849,1258791243,2.0458516078904756
1,28,2006,11146183.37517,1258791243,8.854671842652786
1,29,2006,11146183.37517,1258791243,8.854671842652786
1,30,2006,11146183.37517,1258791243,8.854671842652786
1,31,2006,11146183.37517,1258791243,8.854671842652786
2,1,2006,11190640.684249999,1258791243,8.88998930242002
2,2,2006,11190640.684249999,1258791243,8.88998930242002
2,3,2006,11190640.684249999,1258791243,8.88998930242002
2,4,2006,11190640.684249999,1258791243,8.88998930242002
2,5,2006,11190640.684249999,1258791243,8.88998930242002
2,6,2006,11190640.684249999,1258791243,8.88998930242002
2,7,2006,11190640.684249999,1258791243,8.88998930242002
2,8,2006,11190640.684249999,1258791243,8.88998930242002
2,9,2006,11190640.684249999,1258791243,8.88998930242002
2,10,2006,11386173.98299,1258791243,9.045323477031847
2,11,2006,11386173.98299,1258791243,9.045323477031847
2,12,2006,11386173.98299,1258791243,9.045323477031847
2,13,2006,11386173.98299,1258791243,9.045323477031847
2,14,2006,11386173.98299,1258791243,9.045323477031847
2,15,2006,11386173.98299,1258791243,9.045323477031847
2,16,2006,11386173.98299,1258791243,9.045323477031847
2,17,2006,11386173.98299,1258791243,9.045323477031847
2,18,2006,11412962.88372,1258791243,9.066604925309287
2,19,2006,11412962.88372,1258791243,9.066604925309287
2,20,2006,11798735.06861,1258791243,9.373067324881287
2,21,2006,12134199.01787,1258791243,9.639564213166361
2,22,2006,12136098.53315,1258791243,9.641073212605754
2,23,2006,12136098.53315,1258791243,9.641073212605754
2,24,2006,12136098.53315,1258791243,9.641073212605754
2,25,2006,19083782.91291,1258791243,15.160403298825619
2,26,2006,19083782.91291,1258791243,15.160403298825619
2,27,2006,19083782.91291,1258791243,15.160403298825619
2,28,2006,19083782.91291,1258791243,15.160403298825619
3,1,2006,19083782.91291,1258791243,15.160403298825619
3,2,2006,19083782.91291,1258791243,15.160403298825619
3,3,2006,19083782.91291,1258791243,15.160403298825619
3,4,2006,19083782.91291,1258791243,15.160403298825619
3,5,2006,19083782.91291,1258791243,15.160403298825619
3,6,2006,19083782.91291,1258791243,15.160403298825619
3,7,2006,19083782.91291,1258791243,15.160403298825619
3,8,2006,19083782.91291,1258791243,15.160403298825619
3,9,2006,28949223.93364,1258791243,22.997636895413326
3,10,2006,28949223.93364,1258791243,22.997636895413326
3,11,2006,28949223.93364,1258791243,22.997636895413326
3,12,2006,28949223.93364,1258791243,22.997636895413326
3,13,2006,28989679.59668,1258791243,23.029775395951017
3,14,2006,28989679.59668,1258791243,23.029775395951017
3,15,2006,29136903.68827,1258791243,23.146732113284965
3,16,2006,29136903.68827,1258791243,23.146732113284965
3,17,2006,29136903.68827,1258791243,23.146732113284965
3,18,2006,29136903.68827,1258791243,23.146732113284965
3,19,2006,29136903.68827,1258791243,23.146732113284965
3,20,2006,29136903.68827,1258791243,23.146732113284965
3,21,2006,29136903.68827,1258791243,23.146732113284965
3,22,2006,29136903.68827,1258791243,23.146732113284965
3,23,2006,29136903.68827,1258791243,23.146732113284965
3,24,2006,29136903.68827,1258791243,23.146732113284965
3,25,2006,29136903.68827,1258791243,23.146732113284965
3,26,2006,29136903.68827,1258791243,23.146732113284965
3,27,2006,29242082.61635,1258791243,23.23028761040563
3,28,2006,33818369.27924,1258791243,26.865748762791476
3,29,2006,33818369.27924,1258791243,26.865748762791476
3,30,2006,33818369.27924,1258791243,26.865748762791476
3,31,2006,33818369.27924,1258791243,26.865748762791476
4,1,2006,33829619.47935,1258791243,26.874686066869945
4,2,2006,33829619.47935,1258791243,26.874686066869945
4,3,2006,34331178.30932,1258791243,27.2731308707714
4,4,2006,35107795.99139,1258791243,27.89008597463686
4,5,2006,35107795.99139,1258791243,27.89008597463686
4,6,2006,35107795.99139,1258791243,27.89008597463686
4,7,2006,35107795.99139,1258791243,27.89008597463686
4,8,2006,35107795.99139,1258791243,27.89008597463686
4,9,2006,35107795.99139,1258791243,27.89008597463686
4,10,2006,35107795.99139,1258791243,27.89008597463686
4,11,2006,35107795.99139,1258791243,27.89008597463686
4,12,2006,35107795.99139,1258791243,27.89008597463686
4,13,2006,35107795.99139,1258791243,27.89008597463686
4,14,2006,35107795.99139,1258791243,27.89008597463686
4,15,2006,35107795.99139,1258791243,27.89008597463686
4,16,2006,35107795.99139,1258791243,27.89008597463686
4,17,2006,35107795.99139,1258791243,27.89008597463686
4,18,2006,35107795.99139,1258791243,27.89008597463686
4,19,2006,35111044.32726,1258791243,27.89266649455076
4,20,2006,43987316.341359995,1258791243,34.94409147344219
4,21,2006,51394915.18957,1258791243,40.828783545620844
4,22,2006,51394915.18957,1258791243,40.828783545620844
4,23,2006,51394915.18957,1258791243,40.828783545620844
4,24,2006,51394915.18957,1258791243,40.828783545620844
4,25,2006,51781197.99177,1258791243,41.13565158617011
4,26,2006,51783259.92394,1258791243,41.137289611681865
4,27,2006,51783259.92394,1258791243,41.137289611681865
4,28,2006,51783259.92394,1258791243,41.137289611681865
4,29,2006,51783259.92394,1258791243,41.137289611681865
4,30,2006,51783259.92394,1258791243,41.137289611681865
5,1,2006,51783259.92394,1258791243,41.137289611681865
5,2,2006,51783259.92394,1258791243,41.137289611681865
5,3,2006,51783259.92394,1258791243,41.137289611681865
5,4,2006,51783259.92394,1258791243,41.137289611681865
5,5,2006,51783259.92394,1258791243,41.137289611681865
5,6,2006,51783259.92394,1258791243,41.137289611681865
5,7,2006,51890364.25729,1258791243,41.222374675583914
5,8,2006,51927822.98865,1258791243,41.252132374938995
5,9,2006,51927822.98865,1258791243,41.252132374938995
5,10,2006,51927822.98865,1258791243,41.252132374938995
5,11,2006,51927822.98865,1258791243,41.252132374938995
5,12,2006,51927822.98865,1258791243,41.252132374938995
5,13,2006,51927822.98865,1258791243,41.252132374938995
5,14,2006,56668815.87579,1258791243,45.018438276337776
5,15,2006,56668815.87579,1258791243,45.018438276337776
5,16,2006,56668815.87579,1258791243,45.018438276337776
5,17,2006,56668815.87579,1258791243,45.018438276337776
5,18,2006,56668815.87579,1258791243,45.018438276337776
5,19,2006,56668815.87579,1258791243,45.018438276337776
5,20,2006,56668815.87579,1258791243,45.018438276337776
5,21,2006,56668815.87579,1258791243,45.018438276337776
5,22,2006,56668815.87579,1258791243,45.018438276337776
5,23,2006,56668815.87579,1258791243,45.018438276337776
5,24,2006,56668815.87579,1258791243,45.018438276337776
5,25,2006,56668815.87579,1258791243,45.018438276337776
5,26,2006,56668815.87579,1258791243,45.018438276337776
5,27,2006,56693695.81964,1258791243,45.038203224647
5,28,2006,84098622.36192,1258791243,66.80903035319257
5,29,2006,84202515.33255,1258791243,66.89156426912798
5,30,2006,84202515.33255,1258791243,66.89156426912798
5,31,2006,84413891.97005,1258791243,67.05948459640659
6,1,2006,88857440.31123,1258791243,70.58949671389635
6,2,2006,88869763.63713,1258791243,70.59928652294414
6,3,2006,88882677.27941,1258791243,70.60954528693841
6,4,2006,88882677.27941,1258791243,70.60954528693841
6,5,2006,88882677.27941,1258791243,70.60954528693841
6,6,2006,88882677.27941,1258791243,70.60954528693841
6,7,2006,88882677.27941,1258791243,70.60954528693841
6,8,2006,88882677.27941,1258791243,70.60954528693841
6,9,2006,88882677.27941,1258791243,70.60954528693841
6,10,2006,88882677.27941,1258791243,70.60954528693841
6,11,2006,88882677.27941,1258791243,70.60954528693841
6,12,2006,88882677.27941,1258791243,70.60954528693841
6,13,2006,88882677.27941,1258791243,70.60954528693841
6,14,2006,88882677.27941,1258791243,70.60954528693841
6,15,2006,88882677.27941,1258791243,70.60954528693841
6,16,2006,88882677.27941,1258791243,70.60954528693841
6,17,2006,104011022.61043,1258791243,82.62769795136715
6,18,2006,109446432.47529,1258791243,86.94565765682721
6,19,2006,109446432.47529,1258791243,86.94565765682721
6,20,2006,109446432.47529,1258791243,86.94565765682721
6,21,2006,109560709.23811,1258791243,87.03644059121407
6,22,2006,109560709.23811,1258791243,87.03644059121407
6,23,2006,109560709.23811,1258791243,87.03644059121407
6,24,2006,110185440.17246,1258791243,87.53273490357448
6,25,2006,110292320.12538,1258791243,87.61764171676874
6,26,2006,110335417.98889,1258791243,87.65187921544033
6,27,2006,110370305.12439,1258791243,87.6795940058744
6,28,2006,110370305.12439,1258791243,87.6795940058744
6,29,2006,110370305.12439,1258791243,87.6795940058744
6,30,2006,110844905.47413,1258791243,88.0566226453563
7,1,2006,115089201.63844,1258791243,91.4283462634797
7,2,2006,138374160.9077,1258791243,109.926218248803
7,3,2006,138503000.54698,1258791243,110.0285701200894
7,4,2006,139093330.50027,1258791243,110.49753584937356
7,5,2006,146007949.03646,1258791243,115.99059800296054
7,6,2006,147314887.60491,1258791243,117.02884685932788
7,7,2006,147338265.23239,1258791243,117.04741834813511
7,8,2006,147338265.23239,1258791243,117.04741834813511
7,9,2006,147368345.59611,1258791243,117.07131457706683
7,10,2006,147368345.59611,1258791243,117.07131457706683
7,11,2006,147368345.59611,1258791243,117.07131457706683
7,12,2006,147368345.59611,1258791243,117.07131457706683
7,13,2006,147368345.59611,1258791243,117.07131457706683
7,14,2006,147368345.59611,1258791243,117.07131457706683
7,15,2006,147368345.59611,1258791243,117.07131457706683
7,16,2006,147368345.59611,1258791243,117.07131457706683
7,17,2006,147368345.59611,1258791243,117.07131457706683
7,18,2006,147368345.59611,1258791243,117.07131457706683
7,19,2006,147368345.59611,1258791243,117.07131457706683
7,20,2006,149276317.04079,1258791243,118.5870317027539
7,21,2006,149276317.04079,1258791243,118.5870317027539
7,22,2006,151373574.47177,1258791243,120.25312005746929
7,23,2006,151740735.98510998,1258791243,120.54479789951158
7,24,2006,151743924.98736,1258791243,120.54733128403245
7,25,2006,151743924.98736,1258791243,120.54733128403245
7,26,2006,151743924.98736,1258791243,120.54733128403245
7,27,2006,151743924.98736,1258791243,120.54733128403245
7,28,2006,164432905.25763,1258791243,130.62762087996984
7,29,2006,164434805.54836,1258791243,130.62913049543673
7,30,2006,164434805.54836,1258791243,130.62913049543673
7,31,2006,164434805.54836,1258791243,130.62913049543673
8,1,2006,164434805.54836,1258791243,130.62913049543673
8,2,2006,164449950.86738,1258791243,130.6411621322186
8,3,2006,164506478.4764,1258791243,130.68606839394732
8,4,2006,164507116.71186,1258791243,130.6865754164291
8,5,2006,164507116.71186,1258791243,130.6865754164291
8,6,2006,164517732.42536,1258791243,130.6950086761606
8,7,2006,165462791.8566,1258791243,131.44577607821822
8,8,2006,165474782.93101,1258791243,131.45530194239683
8,9,2006,165474782.93101,1258791243,131.45530194239683
8,10,2006,165474782.93101,1258791243,131.45530194239683
8,11,2006,165474782.93101,1258791243,131.45530194239683
8,12,2006,165474782.93101,1258791243,131.45530194239683
8,13,2006,165474782.93101,1258791243,131.45530194239683
8,14,2006,165474782.93101,1258791243,131.45530194239683
8,15,2006,165474782.93101,1258791243,131.45530194239683
8,16,2006,165474782.93101,1258791243,131.45530194239683
8,17,2006,165474782.93101,1258791243,131.45530194239683
8,18,2006,166759717.6846,1258791243,132.47607068442244
8,19,2006,167224167.10197,1258791243,132.84503529229747
8,20,2006,167332657.61055,1258791243,132.93122155168186
8,21,2006,167332657.61055,1258791243,132.93122155168186
8,22,2006,167332657.61055,1258791243,132.93122155168186
8,23,2006,168073013.9247,1258791243,133.51937015715322
8,24,2006,168073013.9247,1258791243,133.51937015715322
8,25,2006,168073013.9247,1258791243,133.51937015715322
8,26,2006,168073013.9247,1258791243,133.51937015715322
8,27,2006,168073013.9247,1258791243,133.51937015715322
8,28,2006,168222145.94507,1258791243,133.6378425577195
8,29,2006,168882998.40825,1258791243,134.16283227849718
8,30,2006,169059268.35093,1258791243,134.30286339458593
8,31,2006,169097132.39468,1258791243,134.33294307933153
9,1,2006,169100786.54143,1258791243,134.3358459806429
9,2,2006,169100786.54143,1258791243,134.3358459806429
9,3,2006,170132916.71477,1258791243,135.15578350330958
9,4,2006,170132916.71477,1258791243,135.15578350330958
9,5,2006,186482846.79165,1258791243,148.1443788465011
9,6,2006,186482846.79165,1258791243,148.1443788465011
9,7,2006,186482846.79165,1258791243,148.1443788465011
9,8,2006,186722498.61113,1258791243,148.33476134305297
9,9,2006,187915669.60829,1258791243,149.28263177335273
9,10,2006,187915669.60829,1258791243,149.28263177335273
9,11,2006,212942127.74588,1258791243,169.1639729224586
9,12,2006,215199488.15031,1258791243,170.95724914437622
9,13,2006,217365244.4057,1258791243,172.67775384873727
9,14,2006,217365244.4057,1258791243,172.67775384873727
9,15,2006,217365244.4057,1258791243,172.67775384873727
9,16,2006,217365244.4057,1258791243,172.67775384873727
9,17,2006,239043753.05675998,1258791243,189.89944074210564
9,18,2006,252665202.2628,1258791243,200.72049568810039
9,19,2006,252665202.2628,1258791243,200.72049568810039
9,20,2006,252665202.2628,1258791243,200.72049568810039
9,21,2006,252665202.2628,1258791243,200.72049568810039
9,22,2006,252665202.2628,1258791243,200.72049568810039
9,23,2006,252731155.96881,1258791243,200.7728901628608
9,24,2006,257730999.78011,1258791243,204.74483057720954
9,25,2006,257730999.78011,1258791243,204.74483057720954
9,26,2006,257730999.78011,1258791243,204.74483057720954
9,27,2006,257730999.78011,1258791243,204.74483057720954
9,28,2006,257762641.59194,1258791243,204.76996724066024
9,29,2006,257762641.59194,1258791243,204.76996724066024
9,30,2006,257762641.59194,1258791243,204.76996724066024
10,1,2006,257762641.59194,1258791243,204.76996724066024
10,2,2006,257762641.59194,1258791243,204.76996724066024
10,3,2006,257762641.59194,1258791243,204.76996724066024
10,4,2006,257762641.59194,1258791243,204.76996724066024
10,5,2006,257762641.59194,1258791243,204.76996724066024
10,6,2006,257762641.59194,1258791243,204.76996724066024
10,7,2006,257762641.59194,1258791243,204.76996724066024
10,8,2006,257762641.59194,1258791243,204.76996724066024
10,9,2006,257770658.07094,1258791243,204.77633563497866
10,10,2006,291555230.42752,1258791243,231.6152356864783
10,11,2006,291555230.42752,1258791243,231.6152356864783
10,12,2006,291555230.42752,1258791243,231.6152356864783
10,13,2006,291555230.42752,1258791243,231.6152356864783
10,14,2006,291864160.55388,1258791243,231.8606537636042
10,15,2006,292007581.3317,1258791243,231.97458907942215
10,16,2006,299431360.02612,1258791243,237.87213463012628
10,17,2006,299431360.02612,1258791243,237.87213463012628
10,18,2006,299476746.76115,1258791243,237.90819043785643
10,19,2006,299476746.76115,1258791243,237.90819043785643
10,20,2006,299476746.76115,1258791243,237.90819043785643
10,21,2006,299476746.76115,1258791243,237.90819043785643
10,22,2006,299476746.76115,1258791243,237.90819043785643
10,23,2006,299476746.76115,1258791243,237.90819043785643
10,24,2006,299476746.76115,1258791243,237.90819043785643
10,25,2006,312682094.72275,1258791243,248.39868918817226
10,26,2006,312682094.72275,1258791243,248.39868918817226
10,27,2006,312682094.72275,1258791243,248.39868918817226
10,28,2006,312682094.72275,1258791243,248.39868918817226
10,29,2006,312682094.72275,1258791243,248.39868918817226
10,30,2006,312682094.72275,1258791243,248.39868918817226
10,31,2006,312706974.87012,1258791243,248.41845429816036
11,1,2006,312706974.87012,1258791243,248.41845429816036
11,2,2006,312706974.87012,1258791243,248.41845429816036
11,3,2006,312706974.87012,1258791243,248.41845429816036
11,4,2006,312706974.87012,1258791243,248.41845429816036
11,5,2006,312706974.87012,1258791243,248.41845429816036
11,6,2006,317501980.50738,1258791243,252.22766862493972
11,7,2006,317501980.50738,1258791243,252.22766862493972
11,8,2006,317501980.50738,1258791243,252.22766862493972
11,9,2006,317501980.50738,1258791243,252.22766862493972
11,10,2006,317501980.50738,1258791243,252.22766862493972
11,11,2006,317501980.50738,1258791243,252.22766862493972
11,12,2006,317501980.50738,1258791243,252.22766862493972
11,13,2006,317501980.50738,1258791243,252.22766862493972
11,14,2006,317501980.50738,1258791243,252.22766862493972
11,15,2006,317501980.50738,1258791243,252.22766862493972
11,16,2006,317501980.50738,1258791243,252.22766862493972
11,17,2006,317501980.50738,1258791243,252.22766862493972
11,18,2006,317501980.50738,1258791243,252.22766862493972
11,19,2006,317501980.50738,1258791243,252.22766862493972
11,20,2006,317501980.50738,1258791243,252.22766862493972
11,21,2006,317501980.50738,1258791243,252.22766862493972
11,22,2006,317501980.50738,1258791243,252.22766862493972
11,23,2006,317501980.50738,1258791243,252.22766862493972
11,24,2006,317501980.50738,1258791243,252.22766862493972
11,25,2006,317501980.50738,1258791243,252.22766862493972
11,26,2006,317501980.50738,1258791243,252.22766862493972
11,27,2006,317586652.5103,1258791243,252.29493315620405
11,28,2006,317812557.24281,1258791243,252.4743947895497
11,29,2006,317913432.41849,1258791243,252.55453133025168
11,30,2006,327483844.52454,1258791243,260.1573901515774
12,1,2006,327483844.52454,1258791243,260.1573901515774
12,2,2006,327483844.52454,1258791243,260.1573901515774
12,3,2006,327483844.52454,1258791243,260.1573901515774
12,4,2006,327483844.52454,1258791243,260.1573901515774
12,5,2006,327483844.52454,1258791243,260.1573901515774
12,6,2006,327483844.52454,1258791243,260.1573901515774
12,7,2006,327483844.52454,1258791243,260.1573901515774
12,8,2006,329981210.17495,1258791243,262.1413296366171
12,9,2006,330034881.34572,1258791243,262.1839667069562
12,10,2006,331131593.72004,1258791243,263.0552091630971
12,11,2006,331817991.02093,1258791243,263.60049203244256
12,12,2006,331817991.02093,1258791243,263.60049203244256
12,13,2006,331817991.02093,1258791243,263.60049203244256
12,14,2006,331817991.02093,1258791243,263.60049203244256
12,15,2006,331817991.02093,1258791243,263.60049203244256
12,16,2006,331817991.02093,1258791243,263.60049203244256
12,17,2006,331817991.02093,1258791243,263.60049203244256
12,18,2006,331817991.02093,1258791243,263.60049203244256
12,19,2006,332679438.37951,1258791243,264.284836925506
12,20,2006,333437755.72628,1258791243,264.8872540069616
12,21,2006,334893500.77398,1258791243,266.04371664983057
12,22,2006,334893500.77398,1258791243,266.04371664983057
12,23,2006,345049722.67908,1258791243,274.11195033160874
12,24,2006,354755096.37788,1258791243,281.8220243830215
12,25,2006,355311050.9847,1258791243,282.2636818936784
12,26,2006,355315256.32056,1258791243,282.2670226667282
12,27,2006,355315256.32056,1258791243,282.2670226667282
12,28,2006,355315256.32056,1258791243,282.2670226667282
12,29,2006,355454822.63252,1258791243,282.37789594515
12,30,2006,359408477.89785,1258791243,285.5187306842823
12,31,2006,359409409.2036,1258791243,285.5194705255826
1,1,2007,0,1258791243,0
1,2,2007,0,1258791243,0
1,3,2007,3428448.69299,1258791243,2.7236038636709834
1,4,2007,36064376.87203,1258791243,28.65000616470764
1,5,2007,36064376.87203,1258791243,28.65000616470764
1,6,2007,36146248.55006,1258791243,28.715046081759244
1,7,2007,36177854.068629995,1258791243,28.740153913376083
1,8,2007,36177854.068629995,1258791243,28.740153913376083
1,9,2007,36177854.068629995,1258791243,28.740153913376083
1,10,2007,36177854.068629995,1258791243,28.740153913376083
1,11,2007,36177854.068629995,1258791243,28.740153913376083
1,12,2007,36184853.641629994,1258791243,28.745714464451506
1,13,2007,39357111.62158,1258791243,31.26579712119907
1,14,2007,39399944.375269994,1258791243,31.299824013210102
1,15,2007,45713389.078329995,1258791243,36.31530591949788
1,16,2007,67728722.70789,1258791243,53.80457092033489
1,17,2007,75690535.83958,1258791243,60.12953796786144
1,18,2007,75690535.83958,1258791243,60.12953796786144
1,19,2007,75699786.1094,1258791243,60.13688650152137
1,20,2007,76947832.48339,1258791243,61.128350638986774
1,21,2007,76949722.19139,1258791243,61.129851847396424
1,22,2007,76949722.19139,1258791243,61.129851847396424
1,23,2007,77007166.90897,1258791243,61.175486671994584
1,24,2007,99792577.75975999,1258791243,79.27651095024339
1,25,2007,99818228.98382999,1258791243,79.29688861350778
1,26,2007,99819160.28958,1258791243,79.29762845480806
1,27,2007,99819160.28958,1258791243,79.29762845480806
1,28,2007,99819160.28958,1258791243,79.29762845480806
1,29,2007,99819160.28958,1258791243,79.29762845480806
1,30,2007,99819160.28958,1258791243,79.29762845480806
1,31,2007,99839355.23333,1258791243,79.31367157860821
2,1,2007,99931693.44041,1258791243,79.38702624134001
2,2,2007,99931693.44041,1258791243,79.38702624134001
2,3,2007,99931693.44041,1258791243,79.38702624134001
2,4,2007,99931693.44041,1258791243,79.38702624134001
2,5,2007,99931693.44041,1258791243,79.38702624134001
2,6,2007,99931693.44041,1258791243,79.38702624134001
2,7,2007,99931693.44041,1258791243,79.38702624134001
2,8,2007,99973623.90328999,1258791243,79.42033634189335
2,9,2007,99973623.90328999,1258791243,79.42033634189335
2,10,2007,99973623.90328999,1258791243,79.42033634189335
2,11,2007,99973623.90328999,1258791243,79.42033634189335
2,12,2007,100510019.6646,1258791243,79.84645605339662
2,13,2007,100510019.6646,1258791243,79.84645605339662
2,14,2007,100510019.6646,1258791243,79.84645605339662
2,15,2007,100510019.6646,1258791243,79.84645605339662
2,16,2007,100510019.6646,1258791243,79.84645605339662
2,17,2007,100510019.6646,1258791243,79.84645605339662
2,18,2007,100510019.6646,1258791243,79.84645605339662
2,19,2007,100510019.6646,1258791243,79.84645605339662
2,20,2007,100528882.15954,1258791243,79.86144066267548
2,21,2007,100815785.2458,1258791243,80.08936017502944
2,22,2007,100815785.2458,1258791243,80.08936017502944
2,23,2007,100815785.2458,1258791243,80.08936017502944
2,24,2007,100815785.2458,1258791243,80.08936017502944
2,25,2007,100815785.2458,1258791243,80.08936017502944
2,26,2007,100815785.2458,1258791243,80.08936017502944
2,27,2007,100815785.2458,1258791243,80.08936017502944
2,28,2007,100823090.57079999,1258791243,80.0951636194374
3,1,2007,100823090.57079999,1258791243,80.0951636194374
3,2,2007,100823090.57079999,1258791243,80.0951636194374
3,3,2007,100823090.57079999,1258791243,80.0951636194374
3,4,2007,100823090.57079999,1258791243,80.0951636194374
3,5,2007,100823090.57079999,1258791243,80.0951636194374
3,6,2007,100823090.57079999,1258791243,80.0951636194374
3,7,2007,100823090.57079999,1258791243,80.0951636194374
3,8,2007,100823090.57079999,1258791243,80.0951636194374
3,9,2007,100823090.57079999,1258791243,80.0951636194374
3,10,2007,100823090.57079999,1258791243,80.0951636194374
3,11,2007,104770620.51462999,1258791243,83.2311323241625
3,12,2007,160445443.59922,1258791243,127.45992990612187
3,13,2007,178159165.7143,1258791243,141.53193923537646
3,14,2007,178161251.41259,1258791243,141.5335961410005
3,15,2007,178161251.41259,1258791243,141.5335961410005
3,16,2007,178161251.41259,1258791243,141.5335961410005
3,17,2007,178161251.41259,1258791243,141.5335961410005
3,18,2007,178161251.41259,1258791243,141.5335961410005
3,19,2007,178187577.30808002,1258791243,141.5545097719432
3,20,2007,178617971.6394,1258791243,141.89642058019942
3,21,2007,178680930.92399,1258791243,141.94643624796015
3,22,2007,179026923.41211998,1258791243,142.22129714332624
3,23,2007,179026923.41211998,1258791243,142.22129714332624
3,24,2007,179026923.41211998,1258791243,142.22129714332624
3,25,2007,179128337.51504,1258791243,142.30186181477907
3,26,2007,255183050.36051002,1258791243,202.7207066934688
3,27,2007,255185562.2972,1258791243,202.72270220837564
3,28,2007,255185562.2972,1258791243,202.72270220837564
3,29,2007,261393100.23499,1258791243,207.65405041429096
3,30,2007,305616689.42647,1258791243,242.78584008744173
3,31,2007,365079964.64174,1258791243,290.02423290748936
4,1,2007,365079964.64174,1258791243,290.02423290748936
4,2,2007,365079964.64174,1258791243,290.02423290748936
4,3,2007,365079964.64174,1258791243,290.02423290748936
4,4,2007,366947854.40199,1258791243,291.5081086260702
4,5,2007,366947854.40199,1258791243,291.5081086260702
4,6,2007,366947854.40199,1258791243,291.5081086260702
4,7,2007,376483236.35072,1258791243,299.08313903858317
4,8,2007,386948070.87950003,1258791243,307.39653856926304
4,9,2007,386948070.87950003,1258791243,307.39653856926304
4,10,2007,387012721.13664,1258791243,307.4478975674285
4,11,2007,387012721.13664,1258791243,307.4478975674285
4,12,2007,387012721.13664,1258791243,307.4478975674285
4,13,2007,387912103.34932,1258791243,308.16237839789295
4,14,2007,396513996.75076,1258791243,314.99583346780565
4,15,2007,396513996.75076,1258791243,314.99583346780565
4,16,2007,396513996.75076,1258791243,314.99583346780565
4,17,2007,396926301.36583,1258791243,315.32337357214203
4,18,2007,396929952.74608,1258791243,315.32627427571003
4,19,2007,396929952.74608,1258791243,315.32627427571003
4,20,2007,396929952.74608,1258791243,315.32627427571003
4,21,2007,396929952.74608,1258791243,315.32627427571003
4,22,2007,396948506.99638003,1258791243,315.34101401147103
4,23,2007,396976333.79651,1258791243,315.3631199804192
4,24,2007,397460350.97539,1258791243,315.74762947043314
4,25,2007,407966720.59693,1258791243,324.09402501454326
4,26,2007,407966720.59693,1258791243,324.09402501454326
4,27,2007,407966720.59693,1258791243,324.09402501454326
4,28,2007,407966720.59693,1258791243,324.09402501454326
4,29,2007,408295354.64138,1258791243,324.3550961383515
4,30,2007,474391547.38473004,1258791243,376.86276419761373
5,1,2007,474391547.38473004,1258791243,376.86276419761373
5,2,2007,503808818.80053,1258791243,400.2322240499809
5,3,2007,505597524.69154,1258791243,401.65319508148184
5,4,2007,505597524.69154,1258791243,401.65319508148184
5,5,2007,505597524.69154,1258791243,401.65319508148184
5,6,2007,505976964.2512,1258791243,401.95462676188953
5,7,2007,505987491.65354,1258791243,401.9629898660965
5,8,2007,512351023.83925,1258791243,407.01826191465653
5,9,2007,512380775.14552003,1258791243,407.0418967361056
5,10,2007,538170696.45749,1258791243,427.5297428784941
5,11,2007,538881257.54487,1258791243,428.0942217715047
5,12,2007,539273334.19523,1258791243,428.4056925197644
5,13,2007,539273334.19523,1258791243,428.4056925197644
5,14,2007,539273334.19523,1258791243,428.4056925197644
5,15,2007,539273334.19523,1258791243,428.4056925197644
5,16,2007,544233781.1659,1258791243,432.3463355757552
5,17,2007,544239802.6879001,1258791243,432.35111915050084
5,18,2007,544240537.1379,1258791243,432.3517026070541
5,19,2007,544524593.66181,1258791243,432.57736077356077
5,20,2007,544525524.96756,1258791243,432.57810061486106
5,21,2007,558835170.69943,1258791243,443.94586775770097
5,22,2007,568122114.8235,1258791243,451.32353595782047
5,23,2007,568122114.8235,1258791243,451.32353595782047
5,24,2007,572494459.82033,1258791243,454.7969832201399
5,25,2007,636016955.5916001,1258791243,505.2600732078656
5,26,2007,637585818.23931,1258791243,506.50639793123355
5,27,2007,661412911.67225,1258791243,525.4349482889198
5,28,2007,662349252.01292,1258791243,526.1787891329651
5,29,2007,662494270.309,1258791243,526.2939935378944
5,30,2007,662494270.309,1258791243,526.2939935378944
5,31,2007,662494270.309,1258791243,526.2939935378944
6,1,2007,662494270.309,1258791243,526.2939935378944
6,2,2007,662494270.309,1258791243,526.2939935378944
6,3,2007,662494270.309,1258791243,526.2939935378944
6,4,2007,670637251.08999,1258791243,532.7628825028218
6,5,2007,676449783.8806,1258791243,537.3804335248302
6,6,2007,676449783.8806,1258791243,537.3804335248302
6,7,2007,676449783.8806,1258791243,537.3804335248302
6,8,2007,676449783.8806,1258791243,537.3804335248302
6,9,2007,676449783.8806,1258791243,537.3804335248302
6,10,2007,676449783.8806,1258791243,537.3804335248302
6,11,2007,676449783.8806,1258791243,537.3804335248302
6,12,2007,676449783.8806,1258791243,537.3804335248302
6,13,2007,676449783.8806,1258791243,537.3804335248302
6,14,2007,676449783.8806,1258791243,537.3804335248302
6,15,2007,677481235.9072601,1258791243,538.1998323190273
6,16,2007,677481235.9072601,1258791243,538.1998323190273
6,17,2007,691359635.15381,1258791243,549.2250116914819
6,18,2007,691359635.15381,1258791243,549.2250116914819
6,19,2007,691359635.15381,1258791243,549.2250116914819
6,20,2007,691359635.15381,1258791243,549.2250116914819
6,21,2007,691359635.15381,1258791243,549.2250116914819
6,22,2007,691359635.15381,1258791243,549.2250116914819
6,23,2007,691359635.15381,1258791243,549.2250116914819
6,24,2007,691741686.74392,1258791243,549.5285184025704
6,25,2007,692816517.43313,1258791243,550.3823777658183
6,26,2007,696286169.29711,1258791243,553.1387139599841
6,27,2007,714197147.84242,1258791243,567.3674263417322
6,28,2007,756765317.8577,1258791243,601.1841296688303
6,29,2007,757965165.8379301,1258791243,602.1373043806042
6,30,2007,759963504.05223,1258791243,603.724810033676
7,1,2007,761026185.71378,1258791243,604.5690180526462
7,2,2007,763753496.83121,1258791243,606.735629182646
7,3,2007,786002630.85452,1258791243,624.4106282319601
7,4,2007,796104918.01979,1258791243,632.4360154607383
7,5,2007,803911707.89663,1258791243,638.6378300350395
7,6,2007,811465321.66632,1258791243,644.63851824422
7,7,2007,817736491.19833,1258791243,649.620416209338
7,8,2007,832548337.60033,1258791243,661.3871380421813
7,9,2007,832548337.60033,1258791243,661.3871380421813
7,10,2007,832548337.60033,1258791243,661.3871380421813
7,11,2007,832548337.60033,1258791243,661.3871380421813
7,12,2007,832548337.60033,1258791243,661.3871380421813
7,13,2007,832549556.50633,1258791243,661.3881063568299
7,14,2007,835116637.41854,1258791243,663.4274285450681
7,15,2007,836109446.97584,1258791243,664.2161292631744
7,16,2007,836114729.65451,1258791243,664.2203258912486
7,17,2007,839406784.43838,1258791243,666.8355766742333
7,18,2007,849197208.96024,1258791243,674.613216196516
7,19,2007,849846653.88763,1258791243,675.1291436237216
7,20,2007,863003514.0797501,1258791243,685.5811230645414
7,21,2007,1089405049.09949,1258791243,865.4374227319676
7,22,2007,1089405225.81525,1258791243,865.4375631172468
7,23,2007,1090446339.17441,1258791243,866.2646369985989
7,24,2007,1102921333.26462,1258791243,876.1749332129888
7,25,2007,1103886498.63838,1258791243,876.9416730351214
7,26,2007,1113521524.21784,1258791243,884.5958616331428
7,27,2007,1113521524.21784,1258791243,884.5958616331428
7,28,2007,1115819387.12123,1258791243,886.4213135626571
7,29,2007,1133915591.4592,1258791243,900.7971717032352
7,30,2007,1135763359.31639,1258791243,902.2650623224824
7,31,2007,1135767564.65225,1258791243,902.2684030955322
8,1,2007,1135767564.65225,1258791243,902.2684030955322
8,2,2007,1135767564.65225,1258791243,902.2684030955322
8,3,2007,1136200088.59357,1258791243,902.6120056934412
8,4,2007,1138655087.50138,1258791243,904.5622884916908
8,5,2007,1138655087.50138,1258791243,904.5622884916908
8,6,2007,1138655087.50138,1258791243,904.5622884916908
8,7,2007,1138655087.50138,1258791243,904.5622884916908
8,8,2007,1138655087.50138,1258791243,904.5622884916908
8,9,2007,1138655087.50138,1258791243,904.5622884916908
8,10,2007,1138655087.50138,1258791243,904.5622884916908
8,11,2007,1138655087.50138,1258791243,904.5622884916908
8,12,2007,1138665073.42738,1258791243,904.570221440109
8,13,2007,1138670655.7820399,1258791243,904.5746561346549
8,14,2007,1138670655.7820399,1258791243,904.5746561346549
8,15,2007,1142909650.45515,1258791243,907.9421681797876
8,16,2007,1222546721.36068,1258791243,971.2068845085539
8,17,2007,1260818697.75512,1258791243,1001.6106362086601
8,18,2007,1260822903.09098,1258791243,1001.6139769817098
8,19,2007,1260822903.09098,1258791243,1001.6139769817098
8,20,2007,1260822903.09098,1258791243,1001.6139769817098
8,21,2007,1261588393.3624,1258791243,1002.2220923270278
8,22,2007,1263167368.72163,1258791243,1003.4764507188664
8,23,2007,1264051078.1544101,1258791243,1004.1784808908225
8,24,2007,1264051451.19697,1258791243,1004.1787772406436
8,25,2007,1264051451.19697,1258791243,1004.1787772406436
8,26,2007,1264233961.07251,1258791243,1004.3237654398824
8,27,2007,1264236485.15826,1258791243,1004.3257706061593
8,28,2007,1264260606.71838,1258791243,1004.3449330846512
8,29,2007,1267478865.8055801,1258791243,1006.9015596143452
8,30,2007,1272663410.0104501,1258791243,1011.02022840371
8,31,2007,1292753712.82064,1258791243,1026.9802240915653
9,1,2007,1304124675.95918,1258791243,1036.0134638775687
9,2,2007,1304485190.67613,1258791243,1036.2998614188245
9,3,2007,1304926726.0745,1258791243,1036.650622834449
9,4,2007,1346588904.92604,1258791243,1069.7475950951145
9,5,2007,1355230021.57912,1258791243,1076.6122096220524
9,6,2007,1355230021.57912,1258791243,1076.6122096220524
9,7,2007,1355230021.57912,1258791243,1076.6122096220524
9,8,2007,1355230021.57912,1258791243,1076.6122096220524
9,9,2007,1355269604.46896,1258791243,1076.6436547803028
9,10,2007,1355269604.46896,1258791243,1076.6436547803028
9,11,2007,1356442219.91929,1258791243,1077.5751956190643
9,12,2007,1356442219.91929,1258791243,1077.5751956190643
9,13,2007,1356442219.91929,1258791243,1077.5751956190643
9,14,2007,1356442219.91929,1258791243,1077.5751956190643
9,15,2007,1357154186.37926,1258791243,1078.1407909581874
9,16,2007,1357791159.14101,1258791243,1078.6468103361362
9,17,2007,1358844727.82258,1258791243,1079.483778886266
9,18,2007,1358871879.78121,1258791243,1079.5053487524222
9,19,2007,1358917328.80282,1258791243,1079.5414540414147
9,20,2007,1359461476.21846,1258791243,1079.973731767103
9,21,2007,1359461476.21846,1258791243,1079.973731767103
9,22,2007,1359461476.21846,1258791243,1079.973731767103
9,23,2007,1359461476.21846,1258791243,1079.973731767103
9,24,2007,1359461476.21846,1258791243,1079.973731767103
9,25,2007,1359461476.21846,1258791243,1079.973731767103
9,26,2007,1359461476.21846,1258791243,1079.973731767103
9,27,2007,1359638121.11688,1258791243,1080.1140607528678
9,28,2007,1359638121.11688,1258791243,1080.1140607528678
9,29,2007,1359763380.71507,1258791243,1080.2135685933351
9,30,2007,1359772575.29417,1258791243,1080.2208728855687
10,1,2007,1359835018.3979201,1258791243,1080.2704784926123
10,2,2007,1359835018.3979201,1258791243,1080.2704784926123
10,3,2007,1359835018.3979201,1258791243,1080.2704784926123
10,4,2007,1359835018.3979201,1258791243,1080.2704784926123
10,5,2007,1359835018.3979201,1258791243,1080.2704784926123
10,6,2007,1359835018.3979201,1258791243,1080.2704784926123
10,7,2007,1359835018.3979201,1258791243,1080.2704784926123
10,8,2007,1361224582.34962,1258791243,1081.3743660191797
10,9,2007,1361421714.00251,1258791243,1081.5309699469447
10,10,2007,1361651384.6660001,1258791243,1081.713423284436
10,11,2007,1362638608.69771,1258791243,1082.4976867889682
10,12,2007,1362638608.69771,1258791243,1082.4976867889682
10,13,2007,1362638608.69771,1258791243,1082.4976867889682
10,14,2007,1362638608.69771,1258791243,1082.4976867889682
10,15,2007,1362638608.69771,1258791243,1082.4976867889682
10,16,2007,1362638608.69771,1258791243,1082.4976867889682
10,17,2007,1362665376.9505901,1258791243,1082.5189518343275
10,18,2007,1362665376.9505901,1258791243,1082.5189518343275
10,19,2007,1362665376.9505901,1258791243,1082.5189518343275
10,20,2007,1362665376.9505901,1258791243,1082.5189518343275
10,21,2007,1362665376.9505901,1258791243,1082.5189518343275
10,22,2007,1391147621.4546201,1258791243,1105.145614247509
10,23,2007,1391147621.4546201,1258791243,1105.145614247509
10,24,2007,1391147621.4546201,1258791243,1105.145614247509
10,25,2007,1391147621.4546201,1258791243,1105.145614247509
10,26,2007,1391147621.4546201,1258791243,1105.145614247509
10,27,2007,1391147621.4546201,1258791243,1105.145614247509
10,28,2007,1391147621.4546201,1258791243,1105.145614247509
10,29,2007,1391147621.4546201,1258791243,1105.145614247509
10,30,2007,1391147621.4546201,1258791243,1105.145614247509
10,31,2007,1391147621.4546201,1258791243,1105.145614247509
11,1,2007,1391147621.4546201,1258791243,1105.145614247509
11,2,2007,1391147621.4546201,1258791243,1105.145614247509
11,3,2007,1391147621.4546201,1258791243,1105.145614247509
11,4,2007,1391147621.4546201,1258791243,1105.145614247509
11,5,2007,1391147621.4546201,1258791243,1105.145614247509
11,6,2007,1391147621.4546201,1258791243,1105.145614247509
11,7,2007,1391147621.4546201,1258791243,1105.145614247509
11,8,2007,1391147621.4546201,1258791243,1105.145614247509
11,9,2007,1391147621.4546201,1258791243,1105.145614247509
11,10,2007,1391153184.01911,1258791243,1105.1500332204885
11,11,2007,1391153184.01911,1258791243,1105.1500332204885
11,12,2007,1391153184.01911,1258791243,1105.1500332204885
11,13,2007,1391153184.01911,1258791243,1105.1500332204885
11,14,2007,1391153184.01911,1258791243,1105.1500332204885
11,15,2007,1391153184.01911,1258791243,1105.1500332204885
11,16,2007,1391153184.01911,1258791243,1105.1500332204885
11,17,2007,1391188656.43359,1258791243,1105.1782129640935
11,18,2007,1391188656.43359,1258791243,1105.1782129640935
11,19,2007,1391188656.43359,1258791243,1105.1782129640935
11,20,2007,1391200746.97645,1258791243,1105.1878178472919
11,21,2007,1391200746.97645,1258791243,1105.1878178472919
11,22,2007,1391200746.97645,1258791243,1105.1878178472919
11,23,2007,1391200746.97645,1258791243,1105.1878178472919
11,24,2007,1392308613.47971,1258791243,1106.0679212873345
11,25,2007,1399379825.49547,1258791243,1111.6853833209182
11,26,2007,1399379825.49547,1258791243,1111.6853833209182
11,27,2007,1399379825.49547,1258791243,1111.6853833209182
11,28,2007,1399379825.49547,1258791243,1111.6853833209182
11,29,2007,1399379825.49547,1258791243,1111.6853833209182
11,30,2007,1399391075.69558,1258791243,1111.6943206249964
12,1,2007,1400183289.70381,1258791243,1112.3236656515332
12,2,2007,1400183289.70381,1258791243,1112.3236656515332
12,3,2007,1400183289.70381,1258791243,1112.3236656515332
12,4,2007,1400183289.70381,1258791243,1112.3236656515332
12,5,2007,1400183289.70381,1258791243,1112.3236656515332
12,6,2007,1400183289.70381,1258791243,1112.3236656515332
12,7,2007,1400183289.70381,1258791243,1112.3236656515332
12,8,2007,1400183289.70381,1258791243,1112.3236656515332
12,9,2007,1400209712.30641,1258791243,1112.3446561078515
12,10,2007,1400855972.82862,1258791243,1112.858053802508
12,11,2007,1400859204.20222,1258791243,1112.860620847376
12,12,2007,1404878530.21148,1258791243,1116.0536252725424
12,13,2007,1404878530.21148,1258791243,1116.0536252725424
12,14,2007,1405391586.61272,1258791243,1116.4612038953628
12,15,2007,1405774875.3038101,1258791243,1116.7656933754267
12,16,2007,1405774875.3038101,1258791243,1116.7656933754267
12,17,2007,1405774875.3038101,1258791243,1116.7656933754267
12,18,2007,1405774875.3038101,1258791243,1116.7656933754267
12,19,2007,1405774875.3038101,1258791243,1116.7656933754267
12,20,2007,1405774875.3038101,1258791243,1116.7656933754267
12,21,2007,1405774875.3038101,1258791243,1116.7656933754267
12,22,2007,1405774875.3038101,1258791243,1116.7656933754267
12,23,2007,1405774875.3038101,1258791243,1116.7656933754267
12,24,2007,1405774875.3038101,1258791243,1116.7656933754267
12,25,2007,1405774875.3038101,1258791243,1116.7656933754267
12,26,2007,1405774875.3038101,1258791243,1116.7656933754267
12,27,2007,1405774875.3038101,1258791243,1116.7656933754267
12,28,2007,1405784225.98864,1258791243,1116.7731216800655
12,29,2007,1405784225.98864,1258791243,1116.7731216800655
12,30,2007,1405784225.98864,1258791243,1116.7731216800655
12,31,2007,1405784225.98864,1258791243,1116.7731216800655
1,1,2008,0,1258791243,0
1,2,2008,0,1258791243,0
1,3,2008,0,1258791243,0
1,4,2008,0,1258791243,0
1,5,2008,0,1258791243,0
1,6,2008,0,1258791243,0
1,7,2008,0,1258791243,0
1,8,2008,65844.9878,1258791243,0.05230810761208957
1,9,2008,65844.9878,1258791243,0.05230810761208957
1,10,2008,65844.9878,1258791243,0.05230810761208957
1,11,2008,65844.9878,1258791243,0.05230810761208957
1,12,2008,65844.9878,1258791243,0.05230810761208957
1,13,2008,65844.9878,1258791243,0.05230810761208957
1,14,2008,65844.9878,1258791243,0.05230810761208957
1,15,2008,2716224.7617099998,1258791243,2.1578039860180374
1,16,2008,2727073.5712599996,1258791243,2.1664224202582885
1,17,2008,2727073.5712599996,1258791243,2.1664224202582885
1,18,2008,2951774.5943799997,1258791243,2.344927811338452
1,19,2008,2951774.5943799997,1258791243,2.344927811338452
1,20,2008,2951774.5943799997,1258791243,2.344927811338452
1,21,2008,5747054.645219999,1258791243,4.565534338738643
1,22,2008,5747054.645219999,1258791243,4.565534338738643
1,23,2008,5747054.645219999,1258791243,4.565534338738643
1,24,2008,5811333.57601,1258791243,4.61659835046215
1,25,2008,5811333.57601,1258791243,4.61659835046215
1,26,2008,5811333.57601,1258791243,4.61659835046215
1,27,2008,5811333.57601,1258791243,4.61659835046215
1,28,2008,5811333.57601,1258791243,4.61659835046215
1,29,2008,5811333.57601,1258791243,4.61659835046215
1,30,2008,5811333.57601,1258791243,4.61659835046215
1,31,2008,5886861.332119999,1258791243,4.676598574113213
2,1,2008,5886861.332119999,1258791243,4.676598574113213
2,2,2008,5886861.332119999,1258791243,4.676598574113213
2,3,2008,5886861.332119999,1258791243,4.676598574113213
2,4,2008,5886861.332119999,1258791243,4.676598574113213
2,5,2008,5886861.332119999,1258791243,4.676598574113213
2,6,2008,5886861.332119999,1258791243,4.676598574113213
2,7,2008,5886861.332119999,1258791243,4.676598574113213
2,8,2008,5886861.332119999,1258791243,4.676598574113213
2,9,2008,5886861.332119999,1258791243,4.676598574113213
2,10,2008,5886861.332119999,1258791243,4.676598574113213
2,11,2008,5895655.245139999,1258791243,4.683584572044881
2,12,2008,5895655.245139999,1258791243,4.683584572044881
2,13,2008,5895655.245139999,1258791243,4.683584572044881
2,14,2008,5895655.245139999,1258791243,4.683584572044881
2,15,2008,5913718.25567,1258791243,4.697934060596257
2,16,2008,7331219.0597,1258791243,5.824014982999052
2,17,2008,7331219.0597,1258791243,5.824014982999052
2,18,2008,7331219.0597,1258791243,5.824014982999052
2,19,2008,7331219.0597,1258791243,5.824014982999052
2,20,2008,7331219.0597,1258791243,5.824014982999052
2,21,2008,7331219.0597,1258791243,5.824014982999052
2,22,2008,7331219.0597,1258791243,5.824014982999052
2,23,2008,7331219.0597,1258791243,5.824014982999052
2,24,2008,7331219.0597,1258791243,5.824014982999052
2,25,2008,7331219.0597,1258791243,5.824014982999052
2,26,2008,7331219.0597,1258791243,5.824014982999052
2,27,2008,7331219.0597,1258791243,5.824014982999052
2,28,2008,7331219.0597,1258791243,5.824014982999052
2,29,2008,7331219.0597,1258791243,5.824014982999052
3,1,2008,7331219.0597,1258791243,5.824014982999052
3,2,2008,7331219.0597,1258791243,5.824014982999052
3,3,2008,7888702.9568799995,1258791243,6.266887381643471
3,4,2008,7888702.9568799995,1258791243,6.266887381643471
3,5,2008,7888702.9568799995,1258791243,6.266887381643471
3,6,2008,10314872.28019,1258791243,8.19426758610681
3,7,2008,10314872.28019,1258791243,8.19426758610681
3,8,2008,10314872.28019,1258791243,8.19426758610681
3,9,2008,10314872.28019,1258791243,8.19426758610681
3,10,2008,39234412.56191,1258791243,31.168323405559317
3,11,2008,39234412.56191,1258791243,31.168323405559317
3,12,2008,39234412.56191,1258791243,31.168323405559317
3,13,2008,39234412.56191,1258791243,31.168323405559317
3,14,2008,39234412.56191,1258791243,31.168323405559317
3,15,2008,39234412.56191,1258791243,31.168323405559317
3,16,2008,39234412.56191,1258791243,31.168323405559317
3,17,2008,39234412.56191,1258791243,31.168323405559317
3,18,2008,43789142.46086,1258791243,34.78665958662059
3,19,2008,45377167.74513,1258791243,36.048207355641736
3,20,2008,45377167.74513,1258791243,36.048207355641736
3,21,2008,45377167.74513,1258791243,36.048207355641736
3,22,2008,45377167.74513,1258791243,36.048207355641736
3,23,2008,45428303.38077,1258791243,36.08883016416885
3,24,2008,45502852.44764,1258791243,36.148052904464
3,25,2008,45502852.44764,1258791243,36.148052904464
3,26,2008,45502852.44764,1258791243,36.148052904464
3,27,2008,45502852.44764,1258791243,36.148052904464
3,28,2008,45502852.44764,1258791243,36.148052904464
3,29,2008,45544071.34472,1258791243,36.18079772796767
3,30,2008,52577333.70634,1258791243,41.76811206680757
3,31,2008,52658323.88024,1258791243,41.83245170560819
4,1,2008,52658323.88024,1258791243,41.83245170560819
4,2,2008,52658323.88024,1258791243,41.83245170560819
4,3,2008,52658323.88024,1258791243,41.83245170560819
4,4,2008,52671721.63307,1258791243,41.8430950532677
4,5,2008,52671721.63307,1258791243,41.8430950532677
4,6,2008,52671721.63307,1258791243,41.8430950532677
4,7,2008,52671721.63307,1258791243,41.8430950532677
4,8,2008,52671721.63307,1258791243,41.8430950532677
4,9,2008,52707320.35383,1258791243,41.87137513621073
4,10,2008,54243836.59133,1258791243,43.09200345408663
4,11,2008,54243836.59133,1258791243,43.09200345408663
4,12,2008,54243836.59133,1258791243,43.09200345408663
4,13,2008,54243836.59133,1258791243,43.09200345408663
4,14,2008,54243836.59133,1258791243,43.09200345408663
4,15,2008,54243836.59133,1258791243,43.09200345408663
4,16,2008,54243836.59133,1258791243,43.09200345408663
4,17,2008,54243836.59133,1258791243,43.09200345408663
4,18,2008,73584153.928,1258791243,58.45620100806501
4,19,2008,73584153.928,1258791243,58.45620100806501
4,20,2008,73584153.928,1258791243,58.45620100806501
4,21,2008,73584153.928,1258791243,58.45620100806501
4,22,2008,73618184.348,1258791243,58.483235212655515
4,23,2008,73621983.62582,1258791243,58.486253407960824
4,24,2008,73621983.62582,1258791243,58.486253407960824
4,25,2008,73621983.62582,1258791243,58.486253407960824
4,26,2008,82320152.24613,1258791243,65.39619075355293
4,27,2008,82599625.94259,1258791243,65.61820826282154
4,28,2008,82834806.31135,1258791243,65.80503858124631
4,29,2008,82834806.31135,1258791243,65.80503858124631
4,30,2008,82834806.31135,1258791243,65.80503858124631
5,1,2008,82928255.69576,1258791243,65.87927597758161
5,2,2008,82928255.69576,1258791243,65.87927597758161
5,3,2008,82928255.69576,1258791243,65.87927597758161
5,4,2008,82928255.69576,1258791243,65.87927597758161
5,5,2008,83677904.87868,1258791243,66.47480695786824
5,6,2008,83738845.30034,1258791243,66.523218814877
5,7,2008,83947003.76262,1258791243,66.68858258225109
5,8,2008,83947003.76262,1258791243,66.68858258225109
5,9,2008,83947003.76262,1258791243,66.68858258225109
5,10,2008,83947003.76262,1258791243,66.68858258225109
5,11,2008,83947003.76262,1258791243,66.68858258225109
5,12,2008,83947003.76262,1258791243,66.68858258225109
5,13,2008,84918958.31253,1258791243,67.46071581348774
5,14,2008,111191991.45556,1258791243,88.33235222590439
5,15,2008,119540311.00157,1258791243,94.96436495433262
5,16,2008,129996894.10486999,1258791243,103.2712094461798
5,17,2008,130443522.61699,1258791243,103.62601689706067
5,18,2008,130444273.8541,1258791243,103.6266136895107
5,19,2008,130444273.8541,1258791243,103.6266136895107
5,20,2008,130444273.8541,1258791243,103.6266136895107
5,21,2008,130444273.8541,1258791243,103.6266136895107
5,22,2008,135691309.8801,1258791243,107.79492678763417
5,23,2008,135691309.8801,1258791243,107.79492678763417
5,24,2008,135691309.8801,1258791243,107.79492678763417
5,25,2008,135691309.8801,1258791243,107.79492678763417
5,26,2008,135691309.8801,1258791243,107.79492678763417
5,27,2008,135691309.8801,1258791243,107.79492678763417
5,28,2008,135691309.8801,1258791243,107.79492678763417
5,29,2008,135691309.8801,1258791243,107.79492678763417
5,30,2008,135691309.8801,1258791243,107.79492678763417
5,31,2008,135691309.8801,1258791243,107.79492678763417
6,1,2008,135691309.8801,1258791243,107.79492678763417
6,2,2008,135691309.8801,1258791243,107.79492678763417
6,3,2008,135691309.8801,1258791243,107.79492678763417
6,4,2008,135691309.8801,1258791243,107.79492678763417
6,5,2008,135691309.8801,1258791243,107.79492678763417
6,6,2008,135691309.8801,1258791243,107.79492678763417
6,7,2008,135738755.86948,1258791243,107.83261849358132
6,8,2008,135738755.86948,1258791243,107.83261849358132
6,9,2008,137119466.8304,1258791243,108.9294730900825
6,10,2008,137119466.8304,1258791243,108.9294730900825
6,11,2008,137119466.8304,1258791243,108.9294730900825
6,12,2008,137119466.8304,1258791243,108.9294730900825
6,13,2008,137119466.8304,1258791243,108.9294730900825
6,14,2008,137119466.8304,1258791243,108.9294730900825
6,15,2008,137119466.8304,1258791243,108.9294730900825
6,16,2008,137119466.8304,1258791243,108.9294730900825
6,17,2008,137119466.8304,1258791243,108.9294730900825
6,18,2008,138505288.91473,1258791243,110.0303880289466
6,19,2008,138505288.91473,1258791243,110.0303880289466
6,20,2008,143093259.91385,1258791243,113.67513136874437
6,21,2008,150372717.14737,1258791243,119.45802608937437
6,22,2008,150879727.3328,1258791243,119.86080152036774
6,23,2008,151028352.42928,1258791243,119.97887121405724
6,24,2008,151028352.42928,1258791243,119.97887121405724
6,25,2008,151028352.42928,1258791243,119.97887121405724
6,26,2008,151028352.42928,1258791243,119.97887121405724
6,27,2008,151028352.42928,1258791243,119.97887121405724
6,28,2008,151028352.42928,1258791243,119.97887121405724
6,29,2008,151106164.84677,1258791243,120.04068640217733
6,30,2008,151112752.36919,1258791243,120.04591961495716
7,1,2008,153164396.95160002,1258791243,121.6757725344297
7,2,2008,157133417.47908,1258791243,124.82881363600335
7,3,2008,159892043.82847,1258791243,127.02030199019265
7,4,2008,161426437.90084,1258791243,128.23924443271648
7,5,2008,162322456.41426,1258791243,128.95105309710198
7,6,2008,162980802.72062,1258791243,129.47405189457615
7,7,2008,183109493.14594,1258791243,145.46454319903464
7,8,2008,192472798.61458,1258791243,152.90287383622987
7,9,2008,192545497.87378,1258791243,152.9606270654522
7,10,2008,193053935.80492,1258791243,153.36453671605338
7,11,2008,193053935.80492,1258791243,153.36453671605338
7,12,2008,193053935.80492,1258791243,153.36453671605338
7,13,2008,193053935.80492,1258791243,153.36453671605338
7,14,2008,193053935.80492,1258791243,153.36453671605338
7,15,2008,193053935.80492,1258791243,153.36453671605338
7,16,2008,193053935.80492,1258791243,153.36453671605338
7,17,2008,193053935.80492,1258791243,153.36453671605338
7,18,2008,193053935.80492,1258791243,153.36453671605338
7,19,2008,193053935.80492,1258791243,153.36453671605338
7,20,2008,193053935.80492,1258791243,153.36453671605338
7,21,2008,193053935.80492,1258791243,153.36453671605338
7,22,2008,193053935.80492,1258791243,153.36453671605338
7,23,2008,193723144.92515,1258791243,153.89616507298027
7,24,2008,226888676.91268,1258791243,180.24329147059376
7,25,2008,237601998.23985,1258791243,188.7540921190298
7,26,2008,237601998.23985,1258791243,188.7540921190298
7,27,2008,237601998.23985,1258791243,188.7540921190298
7,28,2008,237601998.23985,1258791243,188.7540921190298
7,29,2008,237601998.23985,1258791243,188.7540921190298
7,30,2008,237601998.23985,1258791243,188.7540921190298
7,31,2008,237601998.23985,1258791243,188.7540921190298
8,1,2008,237601998.23985,1258791243,188.7540921190298
8,2,2008,237601998.23985,1258791243,188.7540921190298
8,3,2008,237601998.23985,1258791243,188.7540921190298
8,4,2008,237601998.23985,1258791243,188.7540921190298
8,5,2008,238430104.02608,1258791243,189.41195003696097
8,6,2008,239864557.46598,1258791243,190.55149835196303
8,7,2008,239936912.82885998,1258791243,190.60897838551296
8,8,2008,239936912.82885998,1258791243,190.60897838551296
8,9,2008,239936912.82885998,1258791243,190.60897838551296
8,10,2008,239936912.82885998,1258791243,190.60897838551296
8,11,2008,239936912.82885998,1258791243,190.60897838551296
8,12,2008,266660408.90223,1258791243,211.8384683601028
8,13,2008,266664816.94748,1258791243,211.84197016810674
8,14,2008,266664816.94748,1258791243,211.84197016810674
8,15,2008,266664816.94748,1258791243,211.84197016810674
8,16,2008,267000762.04043,1258791243,212.1088492831452
8,17,2008,295567498.06301,1258791243,234.8026328484794
8,18,2008,324319598.74337,1258791243,257.6436724888862
8,19,2008,324938096.72524,1258791243,258.1350152634006
8,20,2008,334779840.52951,1258791243,265.9534234855732
8,21,2008,334779840.52951,1258791243,265.9534234855732
8,22,2008,341681154.05467004,1258791243,271.4359159667828
8,23,2008,349242248.319,1258791243,277.44254677739286
8,24,2008,373511216.3772,1258791243,296.72212803692025
8,25,2008,376031784.28567,1258791243,298.724499695038
8,26,2008,376035436.94817,1258791243,298.727401417242
8,27,2008,376844418.67519,1258791243,299.37006693586443
8,28,2008,377004792.0778,1258791243,299.4974696354795
8,29,2008,383030796.68782,1258791243,304.2846054243007
8,30,2008,383293650.85262,1258791243,304.493420163251
8,31,2008,383624546.70262,1258791243,304.7562880945622
9,1,2008,383624546.70262,1258791243,304.7562880945622
9,2,2008,383624546.70262,1258791243,304.7562880945622
9,3,2008,383624546.70262,1258791243,304.7562880945622
9,4,2008,383624546.70262,1258791243,304.7562880945622
9,5,2008,383624546.70262,1258791243,304.7562880945622
9,6,2008,383624546.70262,1258791243,304.7562880945622
9,7,2008,383624546.70262,1258791243,304.7562880945622
9,8,2008,384237870.38903,1258791243,305.24352034202224
9,9,2008,388675986.2911,1258791243,308.76921685981256
9,10,2008,410468930.91952,1258791243,326.08181316965204
9,11,2008,410684813.34885,1258791243,326.25331295607845
9,12,2008,410684813.34885,1258791243,326.25331295607845
9,13,2008,410685006.29365003,1258791243,326.2534662339163
9,14,2008,421546737.17774004,1258791243,334.88216534863517
9,15,2008,421549627.14038,1258791243,334.8844611722327
9,16,2008,421549627.14038,1258791243,334.8844611722327
9,17,2008,421549627.14038,1258791243,334.8844611722327
9,18,2008,423190159.28866,1258791243,336.18772107128484
9,19,2008,423190159.28866,1258791243,336.18772107128484
9,20,2008,423190159.28866,1258791243,336.18772107128484
9,21,2008,423190159.28866,1258791243,336.18772107128484
9,22,2008,423190159.28866,1258791243,336.18772107128484
9,23,2008,423240185.51962,1258791243,336.22746255442456
9,24,2008,424453723.30425,1258791243,337.19151262339216
9,25,2008,424548453.45418,1258791243,337.2667674763765
9,26,2008,424548453.45418,1258791243,337.2667674763765
9,27,2008,424548453.45418,1258791243,337.2667674763765
9,28,2008,424548453.45418,1258791243,337.2667674763765
9,29,2008,424548453.45418,1258791243,337.2667674763765
9,30,2008,424548453.45418,1258791243,337.2667674763765
10,1,2008,424548453.45418,1258791243,337.2667674763765
10,2,2008,424548453.45418,1258791243,337.2667674763765
10,3,2008,424548453.45418,1258791243,337.2667674763765
10,4,2008,424548453.45418,1258791243,337.2667674763765
10,5,2008,424548453.45418,1258791243,337.2667674763765
10,6,2008,426470650.92254,1258791243,338.7937859387699
10,7,2008,431017423.72887003,1258791243,342.40580090281895
10,8,2008,431017423.72887003,1258791243,342.40580090281895
10,9,2008,431017423.72887003,1258791243,342.40580090281895
10,10,2008,431017423.72887003,1258791243,342.40580090281895
10,11,2008,431017423.72887003,1258791243,342.40580090281895
10,12,2008,431017423.72887003,1258791243,342.40580090281895
10,13,2008,434811289.17503,1258791243,345.41969654854836
10,14,2008,434811289.17503,1258791243,345.41969654854836
10,15,2008,436819996.21246,1258791243,347.01543932845743
10,16,2008,436908052.38746,1258791243,347.08539228967294
10,17,2008,436908052.38746,1258791243,347.08539228967294
10,18,2008,436908052.38746,1258791243,347.08539228967294
10,19,2008,436908052.38746,1258791243,347.08539228967294
10,20,2008,436908052.38746,1258791243,347.08539228967294
10,21,2008,436908052.38746,1258791243,347.08539228967294
10,22,2008,436908052.38746,1258791243,347.08539228967294
10,23,2008,436908052.38746,1258791243,347.08539228967294
10,24,2008,436908052.38746,1258791243,347.08539228967294
10,25,2008,436908052.38746,1258791243,347.08539228967294
10,26,2008,436908052.38746,1258791243,347.08539228967294
10,27,2008,436908052.38746,1258791243,347.08539228967294
10,28,2008,436908052.38746,1258791243,347.08539228967294
10,29,2008,436908052.38746,1258791243,347.08539228967294
10,30,2008,436908052.38746,1258791243,347.08539228967294
10,31,2008,436908052.38746,1258791243,347.08539228967294
11,1,2008,436908052.38746,1258791243,347.08539228967294
11,3,2008,436908052.38746,1258791243,347.08539228967294
11,4,2008,436908052.38746,1258791243,347.08539228967294
11,5,2008,436908052.38746,1258791243,347.08539228967294
11,6,2008,436908052.38746,1258791243,347.08539228967294
11,7,2008,436908052.38746,1258791243,347.08539228967294
11,8,2008,436908052.38746,1258791243,347.08539228967294
11,9,2008,436908052.38746,1258791243,347.08539228967294
11,10,2008,438618555.11805,1258791243,348.44423772183006
11,11,2008,438618555.11805,1258791243,348.44423772183006
11,12,2008,438650819.88311,1258791243,348.4698692673619
11,13,2008,438650819.88311,1258791243,348.4698692673619
11,14,2008,438650819.88311,1258791243,348.4698692673619
11,15,2008,438650819.88311,1258791243,348.4698692673619
11,16,2008,438650819.88311,1258791243,348.4698692673619
11,17,2008,438650819.88311,1258791243,348.4698692673619
11,18,2008,438650819.88311,1258791243,348.4698692673619
11,19,2008,438650819.88311,1258791243,348.4698692673619
11,20,2008,438650819.88311,1258791243,348.4698692673619
11,21,2008,438650819.88311,1258791243,348.4698692673619
11,22,2008,438650819.88311,1258791243,348.4698692673619
11,23,2008,438650819.88311,1258791243,348.4698692673619
11,24,2008,438650819.88311,1258791243,348.4698692673619
11,25,2008,438650819.88311,1258791243,348.4698692673619
11,26,2008,438650819.88311,1258791243,348.4698692673619
11,27,2008,438730101.91308,1258791243,348.532851934592
11,28,2008,438748949.65041,1258791243,348.5478248202351
11,29,2008,439093382.9102,1258791243,348.82144704449615
11,30,2008,439093382.9102,1258791243,348.82144704449615
12,1,2008,439093382.9102,1258791243,348.82144704449615
12,2,2008,439093382.9102,1258791243,348.82144704449615
12,3,2008,439093382.9102,1258791243,348.82144704449615
12,4,2008,439093382.9102,1258791243,348.82144704449615
12,5,2008,439093382.9102,1258791243,348.82144704449615
12,6,2008,439093382.9102,1258791243,348.82144704449615
12,7,2008,439093382.9102,1258791243,348.82144704449615
12,8,2008,439093382.9102,1258791243,348.82144704449615
12,9,2008,439096443.67921,1258791243,348.82387855887714
12,10,2008,444371575.00004,1258791243,353.01451092160164
12,11,2008,444371575.00004,1258791243,353.01451092160164
12,12,2008,444371575.00004,1258791243,353.01451092160164
12,13,2008,444371575.00004,1258791243,353.01451092160164
12,14,2008,444371575.00004,1258791243,353.01451092160164
12,15,2008,444375227.66254,1258791243,353.01741264380564
12,16,2008,444375227.66254,1258791243,353.01741264380564
12,17,2008,444396109.04657,1258791243,353.0340010846183
12,18,2008,444649336.46942,1258791243,353.2351682155927
12,19,2008,444671836.86925,1258791243,353.2530428234398
12,20,2008,444671836.86925,1258791243,353.2530428234398
12,21,2008,444671836.86925,1258791243,353.2530428234398
12,22,2008,444671836.86925,1258791243,353.2530428234398
12,23,2008,444754452.68951,1258791243,353.31867389667724
12,24,2008,444754452.68951,1258791243,353.31867389667724
12,25,2008,444754452.68951,1258791243,353.31867389667724
12,26,2008,444754452.68951,1258791243,353.31867389667724
12,27,2008,444754452.68951,1258791243,353.31867389667724
12,28,2008,444803265.38633,1258791243,353.3574513326432
12,29,2008,444803265.38633,1258791243,353.3574513326432
12,30,2008,444803265.38633,1258791243,353.3574513326432
12,31,2008,444803265.38633,1258791243,353.3574513326432
1,1,2009,0,1258791243,0
1,2,2009,0,1258791243,0
1,3,2009,0,1258791243,0
1,4,2009,0,1258791243,0
1,5,2009,1238242.23646,1258791243,0.9836756041525783
1,6,2009,9760850.03633,1258791243,7.754145169510049
1,7,2009,9760850.03633,1258791243,7.754145169510049
1,8,2009,9760850.03633,1258791243,7.754145169510049
1,9,2009,9760850.03633,1258791243,7.754145169510049
1,10,2009,9760850.03633,1258791243,7.754145169510049
1,11,2009,9760850.03633,1258791243,7.754145169510049
1,12,2009,9760850.03633,1258791243,7.754145169510049
1,13,2009,9760850.03633,1258791243,7.754145169510049
1,14,2009,9760850.03633,1258791243,7.754145169510049
1,15,2009,9760850.03633,1258791243,7.754145169510049
1,16,2009,9760850.03633,1258791243,7.754145169510049
1,17,2009,9760850.03633,1258791243,7.754145169510049
1,18,2009,9760850.03633,1258791243,7.754145169510049
1,19,2009,9760850.03633,1258791243,7.754145169510049
1,20,2009,9760850.03633,1258791243,7.754145169510049
1,21,2009,9760850.03633,1258791243,7.754145169510049
1,22,2009,9760850.03633,1258791243,7.754145169510049
1,23,2009,9760850.03633,1258791243,7.754145169510049
1,24,2009,9760850.03633,1258791243,7.754145169510049
1,25,2009,9760850.03633,1258791243,7.754145169510049
1,26,2009,9781596.894129999,1258791243,7.770626740950404
1,27,2009,10178366.39076,1258791243,8.085825546817855
1,28,2009,10208611.55034,1258791243,8.109852691706404
1,29,2009,10208611.55034,1258791243,8.109852691706404
1,30,2009,10208611.55034,1258791243,8.109852691706404
1,31,2009,10208611.55034,1258791243,8.109852691706404
2,1,2009,10208611.55034,1258791243,8.109852691706404
2,2,2009,10208611.55034,1258791243,8.109852691706404
2,3,2009,10208611.55034,1258791243,8.109852691706404
2,4,2009,10208611.55034,1258791243,8.109852691706404
2,5,2009,10208611.55034,1258791243,8.109852691706404
2,6,2009,10208611.55034,1258791243,8.109852691706404
2,7,2009,10208611.55034,1258791243,8.109852691706404
2,8,2009,10208611.55034,1258791243,8.109852691706404
2,9,2009,10604694.709379999,1258791243,8.424506262139607
2,10,2009,10604694.709379999,1258791243,8.424506262139607
2,11,2009,10604694.709379999,1258791243,8.424506262139607
2,12,2009,10604694.709379999,1258791243,8.424506262139607
2,13,2009,10604694.709379999,1258791243,8.424506262139607
2,14,2009,10604694.709379999,1258791243,8.424506262139607
2,15,2009,10604694.709379999,1258791243,8.424506262139607
2,16,2009,10677084.27896,1258791243,8.482013469933234
2,17,2009,11190220.81151,1258791243,8.889655750099621
2,18,2009,11190220.81151,1258791243,8.889655750099621
2,19,2009,11190220.81151,1258791243,8.889655750099621
2,20,2009,11190220.81151,1258791243,8.889655750099621
2,21,2009,11190220.81151,1258791243,8.889655750099621
2,22,2009,11190220.81151,1258791243,8.889655750099621
2,23,2009,11190220.81151,1258791243,8.889655750099621
2,24,2009,11190220.81151,1258791243,8.889655750099621
2,25,2009,11190220.81151,1258791243,8.889655750099621
2,26,2009,11190220.81151,1258791243,8.889655750099621
2,27,2009,11190220.81151,1258791243,8.889655750099621
2,28,2009,11190220.81151,1258791243,8.889655750099621
3,1,2009,11190220.81151,1258791243,8.889655750099621
3,2,2009,11190220.81151,1258791243,8.889655750099621
3,3,2009,11190220.81151,1258791243,8.889655750099621
3,4,2009,11190220.81151,1258791243,8.889655750099621
3,5,2009,11190220.81151,1258791243,8.889655750099621
3,6,2009,11190220.81151,1258791243,8.889655750099621
3,7,2009,11190220.81151,1258791243,8.889655750099621
3,8,2009,11190220.81151,1258791243,8.889655750099621
3,9,2009,11190220.81151,1258791243,8.889655750099621
3,10,2009,11190220.81151,1258791243,8.889655750099621
3,11,2009,18515023.4606,1258791243,14.708573453747801
3,12,2009,69671540.43942,1258791243,55.34797038576157
3,13,2009,72529603.41516,1258791243,57.61845247850997
3,14,2009,72545410.74089001,1258791243,57.63101002196122
3,15,2009,74236556.10318,1258791243,58.9744777110592
3,16,2009,74236556.10318,1258791243,58.9744777110592
3,17,2009,74236556.10318,1258791243,58.9744777110592
3,18,2009,74236556.10318,1258791243,58.9744777110592
3,19,2009,74236556.10318,1258791243,58.9744777110592
3,20,2009,74236556.10318,1258791243,58.9744777110592
3,21,2009,74236556.10318,1258791243,58.9744777110592
3,22,2009,74236556.10318,1258791243,58.9744777110592
3,23,2009,74236556.10318,1258791243,58.9744777110592
3,24,2009,74379825.65947,1258791243,59.08829289454312
3,25,2009,74379825.65947,1258791243,59.08829289454312
3,26,2009,83882382.35474001,1258791243,66.63724650230985
3,27,2009,83882382.35474001,1258791243,66.63724650230985
3,28,2009,83882382.35474001,1258791243,66.63724650230985
3,29,2009,83882382.35474001,1258791243,66.63724650230985
3,30,2009,83882382.35474001,1258791243,66.63724650230985
3,31,2009,85089535.46907,1258791243,67.59622450683827
4,1,2009,85089535.46907,1258791243,67.59622450683827
4,2,2009,85089535.46907,1258791243,67.59622450683827
4,3,2009,85089535.46907,1258791243,67.59622450683827
4,4,2009,85089535.46907,1258791243,67.59622450683827
4,5,2009,85089535.46907,1258791243,67.59622450683827
4,6,2009,85089535.46907,1258791243,67.59622450683827
4,7,2009,85089535.46907,1258791243,67.59622450683827
4,8,2009,85089535.46907,1258791243,67.59622450683827
4,9,2009,85089535.46907,1258791243,67.59622450683827
4,10,2009,85089535.46907,1258791243,67.59622450683827
4,11,2009,85106204.76904,1258791243,67.60946681374395
4,12,2009,93537439.75671001,1258791243,74.30734863851448
4,13,2009,93537439.75671001,1258791243,74.30734863851448
4,14,2009,93537439.75671001,1258791243,74.30734863851448
4,15,2009,93537439.75671001,1258791243,74.30734863851448
4,16,2009,93540671.13031,1258791243,74.3099156833823
4,17,2009,94430058.97218001,1258791243,75.01645685676256
4,18,2009,100551009.42136,1258791243,79.8790188448745
4,19,2009,100551009.42136,1258791243,79.8790188448745
4,20,2009,100551009.42136,1258791243,79.8790188448745
4,21,2009,100551009.42136,1258791243,79.8790188448745
4,22,2009,100551009.42136,1258791243,79.8790188448745
4,23,2009,100551009.42136,1258791243,79.8790188448745
4,24,2009,101115549.08250001,1258791243,80.32749643341776
4,25,2009,101115549.08250001,1258791243,80.32749643341776
4,26,2009,101131879.75336,1258791243,80.34046972899064
4,27,2009,113287699.05148001,1258791243,89.99720937165752
4,28,2009,113287699.05148001,1258791243,89.99720937165752
4,29,2009,113289711.65194,1258791243,89.99880820742253
4,30,2009,113289711.65194,1258791243,89.99880820742253
5,1,2009,113289711.65194,1258791243,89.99880820742253
5,2,2009,113289711.65194,1258791243,89.99880820742253
5,3,2009,113289711.65194,1258791243,89.99880820742253
5,4,2009,113289711.65194,1258791243,89.99880820742253
5,5,2009,113289711.65194,1258791243,89.99880820742253
5,6,2009,113336843.88367,1258791243,90.0362506602455
5,7,2009,113336843.88367,1258791243,90.0362506602455
5,8,2009,113336843.88367,1258791243,90.0362506602455
5,9,2009,113336843.88367,1258791243,90.0362506602455
5,10,2009,113336843.88367,1258791243,90.0362506602455
5,11,2009,113336843.88367,1258791243,90.0362506602455
5,12,2009,113336843.88367,1258791243,90.0362506602455
5,13,2009,113336843.88367,1258791243,90.0362506602455
5,14,2009,113336843.88367,1258791243,90.0362506602455
5,15,2009,113336843.88367,1258791243,90.0362506602455
5,16,2009,127027039.22877,1258791243,100.91191842583386
5,17,2009,127027039.22877,1258791243,100.91191842583386
5,18,2009,127027039.22877,1258791243,100.91191842583386
5,19,2009,127027039.22877,1258791243,100.91191842583386
5,20,2009,127027039.22877,1258791243,100.91191842583386
5,21,2009,127027039.22877,1258791243,100.91191842583386
5,22,2009,130408564.94889,1258791243,103.59824607461938
5,23,2009,142177064.18481,1258791243,112.94729366401384
5,24,2009,147560568.26223,1258791243,117.22401874242306
5,25,2009,147658286.93256,1258791243,117.30164771456073
5,26,2009,157575074.02298,1258791243,125.17967129119917
5,27,2009,163728866.96431002,1258791243,130.06832377869506
5,28,2009,167121089.77607,1258791243,132.76314933505617
5,29,2009,170523956.01976,1258791243,135.46643017102718
5,30,2009,170523956.01976,1258791243,135.46643017102718
5,31,2009,172926756.18261,1258791243,137.37524561299318
6,1,2009,172926756.18261,1258791243,137.37524561299318
6,2,2009,172926756.18261,1258791243,137.37524561299318
6,3,2009,190635694.31238002,1258791243,151.44345448261114
6,4,2009,190635694.31238002,1258791243,151.44345448261114
6,5,2009,190642605.36115,1258791243,151.44894470889642
6,6,2009,190642605.36115,1258791243,151.44894470889642
6,7,2009,190642605.36115,1258791243,151.44894470889642
6,8,2009,190642605.36115,1258791243,151.44894470889642
6,9,2009,190642605.36115,1258791243,151.44894470889642
6,10,2009,190642605.36115,1258791243,151.44894470889642
6,11,2009,190642605.36115,1258791243,151.44894470889642
6,12,2009,190642605.36115,1258791243,151.44894470889642
6,13,2009,190642605.36115,1258791243,151.44894470889642
6,14,2009,190642605.36115,1258791243,151.44894470889642
6,15,2009,190642605.36115,1258791243,151.44894470889642
6,16,2009,190642605.36115,1258791243,151.44894470889642
6,17,2009,190642605.36115,1258791243,151.44894470889642
6,18,2009,190642605.36115,1258791243,151.44894470889642
6,19,2009,190650592.43957,1258791243,151.4552897470149
6,20,2009,190650592.43957,1258791243,151.4552897470149
6,21,2009,190650592.43957,1258791243,151.4552897470149
6,22,2009,190650592.43957,1258791243,151.4552897470149
6,23,2009,190650592.43957,1258791243,151.4552897470149
6,24,2009,190650592.43957,1258791243,151.4552897470149
6,25,2009,192313108.95703,1258791243,152.77601431250977
6,26,2009,192856241.63888,1258791243,153.20748592058644
6,27,2009,192856241.63888,1258791243,153.20748592058644
6,28,2009,192870844.73213002,1258791243,153.21908680622272
6,29,2009,193511818.29355,1258791243,153.72828447103362
6,30,2009,195244247.54311,1258791243,155.1045486126805
7,1,2009,195524365.87247002,1258791243,155.32707822663968
7,2,2009,195531288.68888,1258791243,155.33257780128994
7,3,2009,195602367.5465,1258791243,155.3890437625963
7,4,2009,195602367.5465,1258791243,155.3890437625963
7,5,2009,195602367.5465,1258791243,155.3890437625963
7,6,2009,201217528.46394002,1258791243,159.8498000227509
7,7,2009,206425502.15014002,1258791243,163.98708149429035
7,8,2009,206432805.68839002,1258791243,163.99288351928107
7,9,2009,206436457.58664,1258791243,163.99578463435498
7,10,2009,206436457.58664,1258791243,163.99578463435498
7,11,2009,206436457.58664,1258791243,163.99578463435498
7,12,2009,206436457.58664,1258791243,163.99578463435498
7,13,2009,206436457.58664,1258791243,163.99578463435498
7,14,2009,206436457.58664,1258791243,163.99578463435498
7,15,2009,206436457.58664,1258791243,163.99578463435498
7,16,2009,206436457.58664,1258791243,163.99578463435498
7,17,2009,212588926.85959002,1258791243,168.88338558261643
7,18,2009,212825007.095,1258791243,169.0709307667149
7,19,2009,212967743.98862,1258791243,169.18432279610323
7,20,2009,217972750.58842,1258791243,173.16036459622876
7,21,2009,219439095.90474,1258791243,174.3252482292173
7,22,2009,219442892.30735,1258791243,174.32826414041872
7,23,2009,219508692.06468,1258791243,174.38053631636205
7,24,2009,219508692.06468,1258791243,174.38053631636205
7,25,2009,219508692.06468,1258791243,174.38053631636205
7,26,2009,219508692.06468,1258791243,174.38053631636205
7,27,2009,219508692.06468,1258791243,174.38053631636205
7,28,2009,219508692.06468,1258791243,174.38053631636205
7,29,2009,219508692.06468,1258791243,174.38053631636205
7,30,2009,239002520.25702,1258791243,189.86668487414954
7,31,2009,239007387.50726002,1258791243,189.8705514805206
8,1,2009,239007387.50726002,1258791243,189.8705514805206
8,2,2009,239007387.50726002,1258791243,189.8705514805206
8,3,2009,239007387.50726002,1258791243,189.8705514805206
8,4,2009,239007387.50726002,1258791243,189.8705514805206
8,5,2009,239007387.50726002,1258791243,189.8705514805206
8,6,2009,239007387.50726002,1258791243,189.8705514805206
8,7,2009,239007387.50726002,1258791243,189.8705514805206
8,8,2009,239007387.50726002,1258791243,189.8705514805206
8,9,2009,239007387.50726002,1258791243,189.8705514805206
8,10,2009,239007387.50726002,1258791243,189.8705514805206
8,11,2009,239007387.50726002,1258791243,189.8705514805206
8,12,2009,242354176.10439,1258791243,192.5292835107449
8,13,2009,243514815.33569,1258791243,193.45131028663343
8,14,2009,243729293.72585002,1258791243,193.6216946862332
8,15,2009,243729293.72585002,1258791243,193.6216946862332
8,16,2009,243729293.72585002,1258791243,193.6216946862332
8,17,2009,243729293.72585002,1258791243,193.6216946862332
8,18,2009,243729293.72585002,1258791243,193.6216946862332
8,19,2009,243729293.72585002,1258791243,193.6216946862332
8,20,2009,243729293.72585002,1258791243,193.6216946862332
8,21,2009,243729293.72585002,1258791243,193.6216946862332
8,22,2009,244193914.82171002,1258791243,193.9907956777151
8,23,2009,244201220.34871,1258791243,193.99659928259447
8,24,2009,244201220.34871,1258791243,193.99659928259447
8,25,2009,244201220.34871,1258791243,193.99659928259447
8,26,2009,244201220.34871,1258791243,193.99659928259447
8,27,2009,244637738.58185002,1258791243,194.3433749974459
8,28,2009,255473870.6313,1258791243,202.95173806773934
8,29,2009,255485744.52875,1258791243,202.96117084502947
8,30,2009,255485744.52875,1258791243,202.96117084502947
8,31,2009,255485744.52875,1258791243,202.96117084502947
9,1,2009,255485744.52875,1258791243,202.96117084502947
9,2,2009,255485744.52875,1258791243,202.96117084502947
9,3,2009,255485744.52875,1258791243,202.96117084502947
9,4,2009,255503561.14925,1258791243,202.97532459816296
9,5,2009,261492666.67979002,1258791243,207.73314728230122
9,6,2009,265751573.22010002,1258791243,211.11647757157144
9,7,2009,266014366.88774002,1258791243,211.3252442507975
9,8,2009,266030139.05455002,1258791243,211.33777386354922
9,9,2009,272657026.6485,1258791243,216.6022588453136
9,10,2009,332164326.75537,1258791243,263.8756256071048
9,11,2009,361386266.90945,1258791243,287.0899117856748
9,12,2009,366883915.94462,1258791243,291.4573150908232
9,13,2009,366889267.52883,1258791243,291.4615664583472
9,14,2009,366895035.85083,1258791243,291.4661488877469
9,15,2009,366895035.85083,1258791243,291.4661488877469
9,16,2009,366895035.85083,1258791243,291.4661488877469
9,17,2009,366895035.85083,1258791243,291.4661488877469
9,18,2009,366895035.85083,1258791243,291.4661488877469
9,19,2009,366906147.19396,1258791243,291.4749758820494
9,20,2009,370046090.30213,1258791243,293.9693871878405
9,21,2009,370053503.02327,1258791243,293.97527594912737
9,22,2009,396906639.54396003,1258791243,315.3077539672399
9,23,2009,403330483.07342,1258791243,320.41093812520273
9,24,2009,404997557.32568,1258791243,321.73528341401084
9,25,2009,404997557.32568,1258791243,321.73528341401084
9,26,2009,404997557.32568,1258791243,321.73528341401084
9,27,2009,404997557.32568,1258791243,321.73528341401084
9,28,2009,404997557.32568,1258791243,321.73528341401084
9,29,2009,405082215.0543,1258791243,321.80253660558714
9,30,2009,405203315.78361,1258791243,321.8987405869728
10,1,2009,405203315.78361,1258791243,321.8987405869728
10,2,2009,405248772.84613,1258791243,321.9348522637681
10,3,2009,407927040.78703004,1258791243,324.06250286174736
10,4,2009,431179488.31788003,1258791243,342.534547102724
10,5,2009,431179488.31788003,1258791243,342.534547102724
10,6,2009,431193857.98083,1258791243,342.5459625483191
10,7,2009,431409790.53351,1258791243,342.7175021533813
10,8,2009,431409790.53351,1258791243,342.7175021533813
10,9,2009,459065528.90723,1258791243,364.68757743592755
10,10,2009,459065528.90723,1258791243,364.68757743592755
10,11,2009,461413574.86779,1258791243,366.55289543334544
10,12,2009,461803400.11161,1258791243,366.86257763521
10,13,2009,464938288.33879,1258791243,369.35297327834206
10,14,2009,464938288.33879,1258791243,369.35297327834206
10,15,2009,464949399.83808,1258791243,369.36180039670006
10,16,2009,465549751.63523,1258791243,369.83872760801376
10,17,2009,465549751.63523,1258791243,369.83872760801376
10,18,2009,465549751.63523,1258791243,369.83872760801376
10,19,2009,465549751.63523,1258791243,369.83872760801376
10,20,2009,465549751.63523,1258791243,369.83872760801376
10,21,2009,474799388.31223,1258791243,377.1867582909694
10,22,2009,522978105.85895,1258791243,415.46055294487775
10,23,2009,522978105.85895,1258791243,415.46055294487775
10,24,2009,522978105.85895,1258791243,415.46055294487775
10,25,2009,522978105.85895,1258791243,415.46055294487775
10,26,2009,557840731.77116,1258791243,443.1558726462796
10,27,2009,557840731.77116,1258791243,443.1558726462796
10,28,2009,557840731.77116,1258791243,443.1558726462796
10,29,2009,557840731.77116,1258791243,443.1558726462796
10,30,2009,558257952.1507,1258791243,443.4873178973171
10,31,2009,558257952.1507,1258791243,443.4873178973171
11,1,2009,558257952.1507,1258791243,443.4873178973171
11,2,2009,558257952.1507,1258791243,443.4873178973171
11,3,2009,558257952.1507,1258791243,443.4873178973171
11,4,2009,558257952.1507,1258791243,443.4873178973171
11,5,2009,558257952.1507,1258791243,443.4873178973171
11,6,2009,558257952.1507,1258791243,443.4873178973171
11,7,2009,558257952.1507,1258791243,443.4873178973171
11,8,2009,573787300.40391,1258791243,455.8240324554832
11,9,2009,573800325.62394,1258791243,455.83437985828124
11,10,2009,573800325.62394,1258791243,455.83437985828124
11,11,2009,573800325.62394,1258791243,455.83437985828124
11,12,2009,573800325.62394,1258791243,455.83437985828124
11,13,2009,573800325.62394,1258791243,455.83437985828124
11,14,2009,573800325.62394,1258791243,455.83437985828124
11,15,2009,573800325.62394,1258791243,455.83437985828124
11,16,2009,576927767.64775,1258791243,458.3188601414111
11,17,2009,576927767.64775,1258791243,458.3188601414111
11,18,2009,576927767.64775,1258791243,458.3188601414111
11,19,2009,576927767.64775,1258791243,458.3188601414111
11,20,2009,635203183.43875,1258791243,504.6136021131742
11,21,2009,636686265.7675,1258791243,505.79178184472005
11,22,2009,636686265.7675,1258791243,505.79178184472005
11,23,2009,636686265.7675,1258791243,505.79178184472005
11,24,2009,637007452.6663,1258791243,506.0469368599667
11,25,2009,637007452.6663,1258791243,506.0469368599667
11,26,2009,637007452.6663,1258791243,506.0469368599667
11,27,2009,637007452.6663,1258791243,506.0469368599667
11,28,2009,637007452.6663,1258791243,506.0469368599667
11,29,2009,637007452.6663,1258791243,506.0469368599667
11,30,2009,643977105.3922501,1258791243,511.58371888375945
12,1,2009,664177813.53608,1258791243,527.6314219927252
12,2,2009,664177813.53608,1258791243,527.6314219927252
12,3,2009,664177813.53608,1258791243,527.6314219927252
12,4,2009,664177813.53608,1258791243,527.6314219927252
12,5,2009,664177813.53608,1258791243,527.6314219927252
12,6,2009,664177813.53608,1258791243,527.6314219927252
12,7,2009,664236531.23674,1258791243,527.6780680915016
12,8,2009,664557579.7923601,1258791243,527.9331132051417
12,9,2009,664557579.7923601,1258791243,527.9331132051417
12,10,2009,664557579.7923601,1258791243,527.9331132051417
12,11,2009,664557579.7923601,1258791243,527.9331132051417
12,12,2009,664557579.7923601,1258791243,527.9331132051417
12,13,2009,664557579.7923601,1258791243,527.9331132051417
12,14,2009,664557579.7923601,1258791243,527.9331132051417
12,15,2009,664559969.65976,1258791243,527.93501174663
12,16,2009,664559969.65976,1258791243,527.93501174663
12,17,2009,668618373.5122501,1258791243,531.1590601145055
12,18,2009,668618373.5122501,1258791243,531.1590601145055
12,19,2009,668618373.5122501,1258791243,531.1590601145055
12,20,2009,668618373.5122501,1258791243,531.1590601145055
12,21,2009,668618373.5122501,1258791243,531.1590601145055
12,22,2009,668618373.5122501,1258791243,531.1590601145055
12,23,2009,668618373.5122501,1258791243,531.1590601145055
12,24,2009,675776989.27424,1258791243,536.8459568114743
12,25,2009,675776989.27424,1258791243,536.8459568114743
12,26,2009,675776989.27424,1258791243,536.8459568114743
12,27,2009,675776989.27424,1258791243,536.8459568114743
12,28,2009,675776989.27424,1258791243,536.8459568114743
12,29,2009,682356655.98773,1258791243,542.0729289167211
12,30,2009,682358211.19138,1258791243,542.0741643905606
12,31,2009,682358211.19138,1258791243,542.0741643905606
1,1,2010,0,1258791243,0
1,2,2010,0,1258791243,0
1,3,2010,0,1258791243,0
1,4,2010,0,1258791243,0
1,5,2010,0,1258791243,0
1,6,2010,0,1258791243,0
1,7,2010,3231.3736000000004,1258791243,0.0025670448678200733
1,8,2010,3231.3736000000004,1258791243,0.0025670448678200733
1,9,2010,3231.3736000000004,1258791243,0.0025670448678200733
1,10,2010,3231.3736000000004,1258791243,0.0025670448678200733
1,11,2010,3231.3736000000004,1258791243,0.0025670448678200733
1,12,2010,3231.3736000000004,1258791243,0.0025670448678200733
1,13,2010,6036821.35042,1258791243,4.795728746915027
1,14,2010,7074414.30048,1258791243,5.620005969869938
1,15,2010,59946406.28485,1258791243,47.62219837340416
1,16,2010,62380824.44143,1258791243,49.55613155741504
1,17,2010,62380824.44143,1258791243,49.55613155741504
1,18,2010,62380824.44143,1258791243,49.55613155741504
1,19,2010,62380824.44143,1258791243,49.55613155741504
1,20,2010,62401748.01499,1258791243,49.57275351413451
1,21,2010,62401748.01499,1258791243,49.57275351413451
1,22,2010,62401748.01499,1258791243,49.57275351413451
1,23,2010,62401748.01499,1258791243,49.57275351413451
1,24,2010,62401748.01499,1258791243,49.57275351413451
1,25,2010,62401748.01499,1258791243,49.57275351413451
1,26,2010,62401748.01499,1258791243,49.57275351413451
1,27,2010,62401748.01499,1258791243,49.57275351413451
1,28,2010,74283583.60611,1258791243,59.011836965972606
1,29,2010,97120654.35576,1258791243,77.15390053421271
1,30,2010,97120654.35576,1258791243,77.15390053421271
1,31,2010,97120654.35576,1258791243,77.15390053421271
2,1,2010,97120654.35576,1258791243,77.15390053421271
2,2,2010,97139502.09309,1258791243,77.16887341985584
2,3,2010,140297899.44692,1258791243,111.45446095776502
2,4,2010,145608213.78839,1258791243,115.67304316589531
2,5,2010,145608213.78839,1258791243,115.67304316589531
2,6,2010,145608213.78839,1258791243,115.67304316589531
2,7,2010,145608213.78839,1258791243,115.67304316589531
2,8,2010,147469968.08003,1258791243,117.15204478907388
2,9,2010,147469968.08003,1258791243,117.15204478907388
2,10,2010,148274253.77492,1258791243,117.79097971920034
2,11,2010,166817231.88547,1258791243,132.52176070744244
2,12,2010,166817231.88547,1258791243,132.52176070744244
2,13,2010,166817231.88547,1258791243,132.52176070744244
2,14,2010,166817231.88547,1258791243,132.52176070744244
2,15,2010,166957760.29901,1258791243,132.63339829176903
2,16,2010,166957760.29901,1258791243,132.63339829176903
2,17,2010,166957760.29901,1258791243,132.63339829176903
2,18,2010,166957760.29901,1258791243,132.63339829176903
2,19,2010,166957760.29901,1258791243,132.63339829176903
2,20,2010,166957760.29901,1258791243,132.63339829176903
2,21,2010,166977826.94234002,1258791243,132.64933949206065
2,22,2010,166977826.94234002,1258791243,132.64933949206065
2,23,2010,178716689.93524,1258791243,141.97484366773594
2,24,2010,178716689.93524,1258791243,141.97484366773594
2,25,2010,178716689.93524,1258791243,141.97484366773594
2,26,2010,178716689.93524,1258791243,141.97484366773594
2,27,2010,178716689.93524,1258791243,141.97484366773594
2,28,2010,178716689.93524,1258791243,141.97484366773594
3,1,2010,185548155.50582,1258791243,147.40184803289102
3,2,2010,185548155.50582,1258791243,147.40184803289102
3,3,2010,185548155.50582,1258791243,147.40184803289102
3,4,2010,185548155.50582,1258791243,147.40184803289102
3,5,2010,185548155.50582,1258791243,147.40184803289102
3,6,2010,185548155.50582,1258791243,147.40184803289102
3,7,2010,189099383.32299,1258791243,150.2229892164812
3,8,2010,192194811.63479,1258791243,152.68203739386038
3,9,2010,192302538.38409,1258791243,152.76761691302139
3,10,2010,192302538.38409,1258791243,152.76761691302139
3,11,2010,192302538.38409,1258791243,152.76761691302139
3,12,2010,192302538.38409,1258791243,152.76761691302139
3,13,2010,192302538.38409,1258791243,152.76761691302139
3,14,2010,192302538.38409,1258791243,152.76761691302139
3,15,2010,192302538.38409,1258791243,152.76761691302139
3,16,2010,214609828.60898998,1258791243,170.48881599900832
3,17,2010,214609828.60898998,1258791243,170.48881599900832
3,18,2010,214609828.60898998,1258791243,170.48881599900832
3,19,2010,214609828.60898998,1258791243,170.48881599900832
3,20,2010,230850134.21893,1258791243,183.39032425166783
3,21,2010,230850134.21893,1258791243,183.39032425166783
3,22,2010,230850134.21893,1258791243,183.39032425166783
3,23,2010,230850134.21893,1258791243,183.39032425166783
3,24,2010,233042897.59837,1258791243,185.1322837637265
3,25,2010,239655860.28848,1258791243,190.38570662226957
3,26,2010,239655860.28848,1258791243,190.38570662226957
3,27,2010,239655860.28848,1258791243,190.38570662226957
3,28,2010,239655860.28848,1258791243,190.38570662226957
3,29,2010,239655860.28848,1258791243,190.38570662226957
3,30,2010,239655860.28848,1258791243,190.38570662226957
3,31,2010,239655860.28848,1258791243,190.38570662226957
4,1,2010,239655860.28848,1258791243,190.38570662226957
4,2,2010,239761995.31881,1258791243,190.4700216593499
4,3,2010,239761995.31881,1258791243,190.4700216593499
4,4,2010,239975163.82871,1258791243,190.6393654731756
4,5,2010,239975163.82871,1258791243,190.6393654731756
4,6,2010,239975163.82871,1258791243,190.6393654731756
4,7,2010,240647624.48916,1258791243,191.17357689559333
4,8,2010,240647624.48916,1258791243,191.17357689559333
4,9,2010,240647624.48916,1258791243,191.17357689559333
4,10,2010,240650457.51988,1258791243,191.17582749173923
4,11,2010,240651924.95897,1258791243,191.17699324428014
4,12,2010,241597091.73698,1258791243,191.92784592399647
4,13,2010,242584177.055,1258791243,192.71199923258445
4,14,2010,262172308.74893,1258791243,208.27306370841188
4,15,2010,334862107.82478,1258791243,266.01877768606306
4,16,2010,345465258.06872,1258791243,274.4420570049358
4,17,2010,360127736.32582,1258791243,286.09011885684055
4,18,2010,360716085.06804,1258791243,286.5575106864959
4,19,2010,360716085.06804,1258791243,286.5575106864959
4,20,2010,360716085.06804,1258791243,286.5575106864959
4,21,2010,360716085.06804,1258791243,286.5575106864959
4,22,2010,361077012.77285004,1258791243,286.84423631063504
4,23,2010,361077012.77285004,1258791243,286.84423631063504
4,24,2010,374437277.0424,1258791243,297.4578025741795
4,25,2010,374437277.0424,1258791243,297.4578025741795
4,26,2010,374437277.0424,1258791243,297.4578025741795
4,27,2010,374437277.0424,1258791243,297.4578025741795
4,28,2010,374437277.0424,1258791243,297.4578025741795
4,29,2010,374437277.0424,1258791243,297.4578025741795
4,30,2010,374437277.0424,1258791243,297.4578025741795
5,1,2010,374538133.90169,1258791243,297.537924564105
5,2,2010,374541908.53544,1258791243,297.54092318184325
5,3,2010,374541908.53544,1258791243,297.54092318184325
5,4,2010,374541908.53544,1258791243,297.54092318184325
5,5,2010,374541908.53544,1258791243,297.54092318184325
5,6,2010,374541908.53544,1258791243,297.54092318184325
5,7,2010,374541908.53544,1258791243,297.54092318184325
5,8,2010,374549251.94694,1258791243,297.5467568826581
5,9,2010,374549251.94694,1258791243,297.5467568826581
5,10,2010,374549251.94694,1258791243,297.5467568826581
5,11,2010,374549251.94694,1258791243,297.5467568826581
5,12,2010,374549251.94694,1258791243,297.5467568826581
5,13,2010,374592804.3657,1258791243,297.58135548588336
5,14,2010,547660157.58754,1258791243,435.06829320033654
5,15,2010,577935872.97395,1258791243,459.1197120156245
5,16,2010,580942604.85974,1258791243,461.5082986081275
5,17,2010,580942604.85974,1258791243,461.5082986081275
5,18,2010,590818420.11655,1258791243,469.3537736316696
5,19,2010,590818420.11655,1258791243,469.3537736316696
5,20,2010,590818420.11655,1258791243,469.3537736316696
5,21,2010,590818420.11655,1258791243,469.3537736316696
5,22,2010,590818420.11655,1258791243,469.3537736316696
5,23,2010,590818420.11655,1258791243,469.3537736316696
5,24,2010,594803363.37474,1258791243,472.51946395589914
5,25,2010,600535154.64414,1258791243,477.0728728720112
5,26,2010,603033397.7033,1258791243,479.0575093818793
5,27,2010,603033397.7033,1258791243,479.0575093818793
5,28,2010,603033397.7033,1258791243,479.0575093818793
5,29,2010,603033397.7033,1258791243,479.0575093818793
5,30,2010,603033397.7033,1258791243,479.0575093818793
5,31,2010,603033397.7033,1258791243,479.0575093818793
6,1,2010,603033397.7033,1258791243,479.0575093818793
6,2,2010,603033397.7033,1258791243,479.0575093818793
6,3,2010,614483758.44447,1258791243,488.1538236475244
6,4,2010,614483758.44447,1258791243,488.1538236475244
6,5,2010,614483758.44447,1258791243,488.1538236475244
6,6,2010,614483758.44447,1258791243,488.1538236475244
6,7,2010,614483758.44447,1258791243,488.1538236475244
6,8,2010,615344091.61985,1258791243,488.8372834190824
6,9,2010,615681561.13171,1258791243,489.10537355216576
6,10,2010,615681561.13171,1258791243,489.10537355216576
6,11,2010,618392012.52076,1258791243,491.2585910964746
6,12,2010,618392012.52076,1258791243,491.2585910964746
6,13,2010,618392012.52076,1258791243,491.2585910964746
6,14,2010,618392012.52076,1258791243,491.2585910964746
6,15,2010,618392012.52076,1258791243,491.2585910964746
6,16,2010,621049975.38229,1258791243,493.37011107749663
6,17,2010,621112304.64421,1258791243,493.41962624712187
6,18,2010,621112304.64421,1258791243,493.41962624712187
6,19,2010,621112304.64421,1258791243,493.41962624712187
6,20,2010,621112304.64421,1258791243,493.41962624712187
6,21,2010,621112304.64421,1258791243,493.41962624712187
6,22,2010,621112304.64421,1258791243,493.41962624712187
6,23,2010,621112304.64421,1258791243,493.41962624712187
6,24,2010,621112304.64421,1258791243,493.41962624712187
6,25,2010,621112304.64421,1258791243,493.41962624712187
6,26,2010,621112304.64421,1258791243,493.41962624712187
6,27,2010,621112304.64421,1258791243,493.41962624712187
6,28,2010,635631051.61185,1258791243,504.95350610875676
6,29,2010,652324750.16203,1258791243,518.2151955612469
6,30,2010,654873489.57541,1258791243,520.2399470262362
7,1,2010,663647230.11037,1258791243,527.2099196755931
7,2,2010,724861689.09335,1258791243,575.8394754684117
7,3,2010,725894442.66837,1258791243,576.659908229414
7,4,2010,726266916.71788,1258791243,576.9558064187137
7,5,2010,726306313.27038,1258791243,576.9871035481775
7,6,2010,726412990.95204,1258791243,577.0718496744738
7,7,2010,728843614.33146,1258791243,579.0027682385617
7,8,2010,741731653.83931,1258791243,589.241193060405
7,9,2010,754222082.33782,1258791243,599.1637505678295
7,10,2010,756634627.3473,1258791243,601.0803074416526
7,11,2010,756634627.3473,1258791243,601.0803074416526
7,12,2010,756634627.3473,1258791243,601.0803074416526
7,13,2010,756634627.3473,1258791243,601.0803074416526
7,14,2010,756634627.3473,1258791243,601.0803074416526
7,15,2010,756634627.3473,1258791243,601.0803074416526
7,16,2010,756634627.3473,1258791243,601.0803074416526
7,17,2010,756634627.3473,1258791243,601.0803074416526
7,18,2010,756634627.3473,1258791243,601.0803074416526
7,19,2010,756634627.3473,1258791243,601.0803074416526
7,20,2010,756634627.3473,1258791243,601.0803074416526
7,21,2010,756819856.47993,1258791243,601.227455853798
7,22,2010,762037770.5225,1258791243,605.3726340726538
7,23,2010,764244780.24212,1258791243,607.1259110611084
7,24,2010,764265391.83237,1258791243,607.1422851742623
7,25,2010,764265391.83237,1258791243,607.1422851742623
7,26,2010,764265391.83237,1258791243,607.1422851742623
7,27,2010,769582409.74052,1258791243,611.3661927822293
7,28,2010,784505342.28522,1258791243,623.2211628796817
7,29,2010,784505342.28522,1258791243,623.2211628796817
7,30,2010,784505342.28522,1258791243,623.2211628796817
7,31,2010,784505342.28522,1258791243,623.2211628796817
8,1,2010,784505342.28522,1258791243,623.2211628796817
8,2,2010,784505342.28522,1258791243,623.2211628796817
8,3,2010,784505342.28522,1258791243,623.2211628796817
8,4,2010,784505342.28522,1258791243,623.2211628796817
8,5,2010,784505342.28522,1258791243,623.2211628796817
8,6,2010,784505342.28522,1258791243,623.2211628796817
8,7,2010,784505342.28522,1258791243,623.2211628796817
8,8,2010,784505342.28522,1258791243,623.2211628796817
8,9,2010,784505350.74081,1258791243,623.2211695969115
8,10,2010,784505350.74081,1258791243,623.2211695969115
8,11,2010,784615138.4278901,1258791243,623.308386351628
8,12,2010,786206223.16064,1258791243,624.572364585984
8,13,2010,786206223.16064,1258791243,624.572364585984
8,14,2010,786206223.16064,1258791243,624.572364585984
8,15,2010,786206223.16064,1258791243,624.572364585984
8,16,2010,786206223.16064,1258791243,624.572364585984
8,17,2010,786210025.4456201,1258791243,624.575385170216
8,18,2010,786213827.7306,1258791243,624.578405754448
8,19,2010,786281407.8602101,1258791243,624.6320922810949
8,20,2010,786281407.8602101,1258791243,624.6320922810949
8,21,2010,786281407.8602101,1258791243,624.6320922810949
8,22,2010,786281407.8602101,1258791243,624.6320922810949
8,23,2010,786281407.8602101,1258791243,624.6320922810949
8,24,2010,789875531.0137,1258791243,627.4873100731445
8,25,2010,794277057.23379,1258791243,630.9839392756166
8,26,2010,794448402.93127,1258791243,631.1200585078029
8,27,2010,794448402.93127,1258791243,631.1200585078029
8,28,2010,794448402.93127,1258791243,631.1200585078029
8,29,2010,794448402.93127,1258791243,631.1200585078029
8,30,2010,794448402.93127,1258791243,631.1200585078029
8,31,2010,794448402.93127,1258791243,631.1200585078029
9,1,2010,794448402.93127,1258791243,631.1200585078029
9,2,2010,794471967.01422,1258791243,631.1387781192406
9,3,2010,830390783.02488,1258791243,659.6731488581543
9,4,2010,830390783.02488,1258791243,659.6731488581543
9,5,2010,830390783.02488,1258791243,659.6731488581543
9,6,2010,830610110.56256,1258791243,659.8473854830908
9,7,2010,853506188.87355,1258791243,678.0363254191705
9,8,2010,917110695.87439,1258791243,728.564566185491
9,9,2010,918780868.73355,1258791243,729.891373047588
9,10,2010,918780868.73355,1258791243,729.891373047588
9,11,2010,918780868.73355,1258791243,729.891373047588
9,12,2010,918780868.73355,1258791243,729.891373047588
9,13,2010,918780868.73355,1258791243,729.891373047588
9,14,2010,918780868.73355,1258791243,729.891373047588
9,15,2010,918780868.73355,1258791243,729.891373047588
9,16,2010,918780868.73355,1258791243,729.891373047588
9,17,2010,934890065.74251,1258791243,742.6887269365203
9,18,2010,944752165.62192,1258791243,750.5233062873475
9,19,2010,948003456.86234,1258791243,753.1061739856257
9,20,2010,948128749.24577,1258791243,753.2057078711105
9,21,2010,951084691.12835,1258791243,755.5539462299469
9,22,2010,957555505.63084,1258791243,760.6944447347414
9,23,2010,957747647.00743,1258791243,760.8470843226464
9,24,2010,957984288.50923,1258791243,761.0350753840047
9,25,2010,958832230.72716,1258791243,761.7086916191392
9,26,2010,962635650.45383,1258791243,764.730177308542
9,27,2010,962635650.45383,1258791243,764.730177308542
9,28,2010,962635650.45383,1258791243,764.730177308542
9,29,2010,962635650.45383,1258791243,764.730177308542
9,30,2010,962635650.45383,1258791243,764.730177308542
10,1,2010,962635650.45383,1258791243,764.730177308542
10,2,2010,962635650.45383,1258791243,764.730177308542
10,3,2010,962635650.45383,1258791243,764.730177308542
10,4,2010,962635650.45383,1258791243,764.730177308542
10,5,2010,962635650.45383,1258791243,764.730177308542
10,6,2010,962635650.45383,1258791243,764.730177308542
10,7,2010,962635650.45383,1258791243,764.730177308542
10,8,2010,962635650.45383,1258791243,764.730177308542
10,9,2010,962635650.45383,1258791243,764.730177308542
10,10,2010,962635650.45383,1258791243,764.730177308542
10,11,2010,962737902.23247,1258791243,764.8114074403917
10,12,2010,970907958.22711,1258791243,771.3018053042732
10,13,2010,970907958.22711,1258791243,771.3018053042732
10,14,2010,970907958.22711,1258791243,771.3018053042732
10,15,2010,970907958.22711,1258791243,771.3018053042732
10,16,2010,970907958.22711,1258791243,771.3018053042732
10,17,2010,970907958.22711,1258791243,771.3018053042732
10,18,2010,970907958.22711,1258791243,771.3018053042732
10,19,2010,970907958.22711,1258791243,771.3018053042732
10,20,2010,970907958.22711,1258791243,771.3018053042732
10,21,2010,970907958.22711,1258791243,771.3018053042732
10,22,2010,971678452.2525,1258791243,771.9138956962859
10,23,2010,972485776.44911,1258791243,772.5552444513709
10,24,2010,972485776.44911,1258791243,772.5552444513709
10,25,2010,972485776.44911,1258791243,772.5552444513709
10,26,2010,972485776.44911,1258791243,772.5552444513709
10,27,2010,972485776.44911,1258791243,772.5552444513709
10,28,2010,972485776.44911,1258791243,772.5552444513709
10,29,2010,972485776.44911,1258791243,772.5552444513709
10,30,2010,972485776.44911,1258791243,772.5552444513709
10,31,2010,972485776.44911,1258791243,772.5552444513709
11,1,2010,972485776.44911,1258791243,772.5552444513709
11,2,2010,974285184.6767501,1258791243,773.9847175571351
11,3,2010,975000225.33772,1258791243,774.5527550811855
11,4,2010,975000225.33772,1258791243,774.5527550811855
11,5,2010,975000225.33772,1258791243,774.5527550811855
11,6,2010,975000225.33772,1258791243,774.5527550811855
11,7,2010,975000225.33772,1258791243,774.5527550811855
11,8,2010,975000225.33772,1258791243,774.5527550811855
11,9,2010,975000225.33772,1258791243,774.5527550811855
11,10,2010,975000225.33772,1258791243,774.5527550811855
11,11,2010,975000225.33772,1258791243,774.5527550811855
11,12,2010,975000225.33772,1258791243,774.5527550811855
11,13,2010,975000225.33772,1258791243,774.5527550811855
11,14,2010,975000225.33772,1258791243,774.5527550811855
11,15,2010,975000225.33772,1258791243,774.5527550811855
11,16,2010,975000225.33772,1258791243,774.5527550811855
11,17,2010,975000225.33772,1258791243,774.5527550811855
11,18,2010,975000225.33772,1258791243,774.5527550811855
11,19,2010,975000225.33772,1258791243,774.5527550811855
11,20,2010,975000225.33772,1258791243,774.5527550811855
11,21,2010,975000225.33772,1258791243,774.5527550811855
11,22,2010,975000225.33772,1258791243,774.5527550811855
11,23,2010,975007677.94169,1258791243,774.5586755259069
11,24,2010,975007677.94169,1258791243,774.5586755259069
11,25,2010,975007677.94169,1258791243,774.5586755259069
11,26,2010,978582050.41414,1258791243,777.3982031221836
11,27,2010,978582050.41414,1258791243,777.3982031221836
11,28,2010,978582050.41414,1258791243,777.3982031221836
11,29,2010,978582050.41414,1258791243,777.3982031221836
11,30,2010,978582050.41414,1258791243,777.3982031221836
12,1,2010,978582050.41414,1258791243,777.3982031221836
12,2,2010,978582050.41414,1258791243,777.3982031221836
12,3,2010,978582050.41414,1258791243,777.3982031221836
12,4,2010,978582050.41414,1258791243,777.3982031221836
12,5,2010,978582050.41414,1258791243,777.3982031221836
12,6,2010,978582050.41414,1258791243,777.3982031221836
12,7,2010,978582050.41414,1258791243,777.3982031221836
12,8,2010,978582050.41414,1258791243,777.3982031221836
12,9,2010,978582050.41414,1258791243,777.3982031221836
12,10,2010,978582050.41414,1258791243,777.3982031221836
12,11,2010,978582050.41414,1258791243,777.3982031221836
12,12,2010,978582050.41414,1258791243,777.3982031221836
12,13,2010,978582050.41414,1258791243,777.3982031221836
12,14,2010,978582050.41414,1258791243,777.3982031221836
12,15,2010,978582050.41414,1258791243,777.3982031221836
12,16,2010,978582050.41414,1258791243,777.3982031221836
12,17,2010,978582050.41414,1258791243,777.3982031221836
12,18,2010,978582050.41414,1258791243,777.3982031221836
12,19,2010,978582050.41414,1258791243,777.3982031221836
12,20,2010,978582050.41414,1258791243,777.3982031221836
12,21,2010,978582050.41414,1258791243,777.3982031221836
12,22,2010,978586781.2724,1258791243,777.4019613770066
12,23,2010,978586781.2724,1258791243,777.4019613770066
12,24,2010,993660505.28454,1258791243,789.376722161182
12,25,2010,993660505.28454,1258791243,789.376722161182
12,26,2010,993660505.28454,1258791243,789.376722161182
12,27,2010,993660505.28454,1258791243,789.376722161182
12,28,2010,996134815.64031,1258791243,791.3423462227803
12,29,2010,997092313.79137,1258791243,792.1029951043042
12,30,2010,997092313.79137,1258791243,792.1029951043042
12,31,2010,997092881.97028,1258791243,792.103446472959
1,1,2011,0,1258791243,0
1,2,2011,0,1258791243,0
1,3,2011,0,1258791243,0
1,4,2011,0,1258791243,0
1,5,2011,0,1258791243,0
1,6,2011,0,1258791243,0
1,7,2011,0,1258791243,0
1,8,2011,0,1258791243,0
1,9,2011,15297952.64377,1258791243,12.152890901362904
1,10,2011,15297952.64377,1258791243,12.152890901362904
1,11,2011,15297952.64377,1258791243,12.152890901362904
1,12,2011,15297952.64377,1258791243,12.152890901362904
1,13,2011,15297952.64377,1258791243,12.152890901362904
1,14,2011,15528349.559320001,1258791243,12.335921182858119
1,15,2011,19054208.19879,1258791243,15.136908764458253
1,16,2011,23856034.80636,1258791243,18.95154175803239
1,17,2011,23856034.80636,1258791243,18.95154175803239
1,18,2011,23856034.80636,1258791243,18.95154175803239
1,19,2011,23856034.80636,1258791243,18.95154175803239
1,20,2011,23875288.8486,1258791243,18.966837417536752
1,21,2011,23875288.8486,1258791243,18.966837417536752
1,22,2011,23875288.8486,1258791243,18.966837417536752
1,23,2011,23875288.8486,1258791243,18.966837417536752
1,24,2011,23875288.8486,1258791243,18.966837417536752
1,25,2011,23875288.8486,1258791243,18.966837417536752
1,26,2011,23875288.8486,1258791243,18.966837417536752
1,27,2011,23875288.8486,1258791243,18.966837417536752
1,28,2011,23875288.8486,1258791243,18.966837417536752
1,29,2011,23875288.8486,1258791243,18.966837417536752
1,30,2011,23875288.8486,1258791243,18.966837417536752
1,31,2011,23875288.8486,1258791243,18.966837417536752
2,1,2011,29842683.53061,1258791243,23.70741272356468
2,2,2011,29842683.53061,1258791243,23.70741272356468
2,3,2011,29842683.53061,1258791243,23.70741272356468
2,4,2011,29842683.53061,1258791243,23.70741272356468
2,5,2011,29842683.53061,1258791243,23.70741272356468
2,6,2011,29842683.53061,1258791243,23.70741272356468
2,7,2011,29842683.53061,1258791243,23.70741272356468
2,8,2011,29842683.53061,1258791243,23.70741272356468
2,9,2011,31323819.19857,1258791243,24.884046002669876
2,10,2011,31323819.19857,1258791243,24.884046002669876
2,11,2011,31323819.19857,1258791243,24.884046002669876
2,12,2011,31323819.19857,1258791243,24.884046002669876
2,13,2011,31323819.19857,1258791243,24.884046002669876
2,14,2011,31323819.19857,1258791243,24.884046002669876
2,15,2011,31327471.86107,1258791243,24.88694772487387
2,16,2011,31432480.0304,1258791243,24.970367569040995
2,17,2011,31432480.0304,1258791243,24.970367569040995
2,18,2011,31700415.48187,1258791243,25.18321894766311
2,19,2011,31726802.50437,1258791243,25.204181138691002
2,20,2011,31726802.50437,1258791243,25.204181138691002
2,21,2011,31726802.50437,1258791243,25.204181138691002
2,22,2011,31726802.50437,1258791243,25.204181138691002
2,23,2011,31730455.166869998,1258791243,25.20708286089499
2,24,2011,31782721.603749998,1258791243,25.248603992512837
2,25,2011,31782721.603749998,1258791243,25.248603992512837
2,26,2011,31782721.603749998,1258791243,25.248603992512837
2,27,2011,31782721.603749998,1258791243,25.248603992512837
2,28,2011,31782721.603749998,1258791243,25.248603992512837
3,1,2011,31782721.603749998,1258791243,25.248603992512837
3,2,2011,31782721.603749998,1258791243,25.248603992512837
3,3,2011,31782721.603749998,1258791243,25.248603992512837
3,4,2011,31782721.603749998,1258791243,25.248603992512837
3,5,2011,31861416.816689998,1258791243,25.3111204847252
3,6,2011,31861416.816689998,1258791243,25.3111204847252
3,7,2011,31861416.816689998,1258791243,25.3111204847252
3,8,2011,31861416.816689998,1258791243,25.3111204847252
3,9,2011,31861416.816689998,1258791243,25.3111204847252
3,10,2011,31861416.816689998,1258791243,25.3111204847252
3,11,2011,31861416.816689998,1258791243,25.3111204847252
3,12,2011,31861416.816689998,1258791243,25.3111204847252
3,13,2011,31861416.816689998,1258791243,25.3111204847252
3,14,2011,31888095.762879997,1258791243,25.332314583697816
3,15,2011,31888095.762879997,1258791243,25.332314583697816
3,16,2011,31888095.762879997,1258791243,25.332314583697816
3,17,2011,31888095.762879997,1258791243,25.332314583697816
3,18,2011,31888095.762879997,1258791243,25.332314583697816
3,19,2011,31888095.762879997,1258791243,25.332314583697816
3,20,2011,31888095.762879997,1258791243,25.332314583697816
3,21,2011,31888095.762879997,1258791243,25.332314583697816
3,22,2011,31888095.762879997,1258791243,25.332314583697816
3,23,2011,31888095.762879997,1258791243,25.332314583697816
3,24,2011,31888095.762879997,1258791243,25.332314583697816
3,25,2011,31888095.762879997,1258791243,25.332314583697816
3,26,2011,31888095.762879997,1258791243,25.332314583697816
3,27,2011,31888095.762879997,1258791243,25.332314583697816
3,28,2011,31888095.762879997,1258791243,25.332314583697816
3,29,2011,31985982.57593,1258791243,25.410077130581055
3,30,2011,31987878.05094,1258791243,25.411582920377846
3,31,2011,31987878.05094,1258791243,25.411582920377846
4,1,2011,31987878.05094,1258791243,25.411582920377846
4,2,2011,31987878.05094,1258791243,25.411582920377846
4,3,2011,31987878.05094,1258791243,25.411582920377846
4,4,2011,31987878.05094,1258791243,25.411582920377846
4,5,2011,31987878.05094,1258791243,25.411582920377846
4,6,2011,31987878.05094,1258791243,25.411582920377846
4,7,2011,31987878.05094,1258791243,25.411582920377846
4,8,2011,31987878.05094,1258791243,25.411582920377846
4,9,2011,31987878.05094,1258791243,25.411582920377846
4,10,2011,31987878.05094,1258791243,25.411582920377846
4,11,2011,32387364.32354,1258791243,25.728939968118286
4,12,2011,32387364.32354,1258791243,25.728939968118286
4,13,2011,32387364.32354,1258791243,25.728939968118286
4,14,2011,32387364.32354,1258791243,25.728939968118286
4,15,2011,32387364.32354,1258791243,25.728939968118286
4,16,2011,32387364.32354,1258791243,25.728939968118286
4,17,2011,32387364.32354,1258791243,25.728939968118286
4,18,2011,32387364.32354,1258791243,25.728939968118286
4,19,2011,32387364.32354,1258791243,25.728939968118286
4,20,2011,32387364.32354,1258791243,25.728939968118286
4,21,2011,32387364.32354,1258791243,25.728939968118286
4,22,2011,32387364.32354,1258791243,25.728939968118286
4,23,2011,32387364.32354,1258791243,25.728939968118286
4,24,2011,32387364.32354,1258791243,25.728939968118286
4,25,2011,32501786.28872,1258791243,25.81983825313281
4,26,2011,32501786.28872,1258791243,25.81983825313281
4,27,2011,32501786.28872,1258791243,25.81983825313281
4,28,2011,32501786.28872,1258791243,25.81983825313281
4,29,2011,32501786.28872,1258791243,25.81983825313281
4,30,2011,32501786.28872,1258791243,25.81983825313281
5,1,2011,32501786.28872,1258791243,25.81983825313281
5,2,2011,32628456.350449998,1258791243,25.920466584029136
5,3,2011,32628456.350449998,1258791243,25.920466584029136
5,4,2011,32628456.350449998,1258791243,25.920466584029136
5,5,2011,32628456.350449998,1258791243,25.920466584029136
5,6,2011,32628456.350449998,1258791243,25.920466584029136
5,7,2011,32672476.03012,1258791243,25.95543638534829
5,8,2011,32672476.03012,1258791243,25.95543638534829
5,9,2011,32672476.03012,1258791243,25.95543638534829
5,10,2011,32699438.94569,1258791243,25.976856073259164
5,11,2011,32699592.83345,1258791243,25.976978323680633
5,12,2011,63252545.98275,1258791243,50.24863839376899
5,13,2011,63473472.12273,1258791243,50.424144968992294
5,14,2011,63473472.12273,1258791243,50.424144968992294
5,15,2011,63473472.12273,1258791243,50.424144968992294
5,16,2011,63473472.12273,1258791243,50.424144968992294
5,17,2011,63473472.12273,1258791243,50.424144968992294
5,18,2011,63473472.12273,1258791243,50.424144968992294
5,19,2011,63473472.12273,1258791243,50.424144968992294
5,20,2011,63473472.12273,1258791243,50.424144968992294
5,21,2011,63473472.12273,1258791243,50.424144968992294
5,22,2011,63473472.12273,1258791243,50.424144968992294
5,23,2011,63473472.12273,1258791243,50.424144968992294
5,24,2011,63473472.12273,1258791243,50.424144968992294
5,25,2011,63473472.12273,1258791243,50.424144968992294
5,26,2011,63473472.12273,1258791243,50.424144968992294
5,27,2011,63473472.12273,1258791243,50.424144968992294
5,28,2011,63473472.12273,1258791243,50.424144968992294
5,29,2011,63473472.12273,1258791243,50.424144968992294
5,30,2011,63473472.12273,1258791243,50.424144968992294
5,31,2011,63473472.12273,1258791243,50.424144968992294
6,1,2011,63473472.12273,1258791243,50.424144968992294
6,2,2011,63473472.12273,1258791243,50.424144968992294
6,3,2011,63473472.12273,1258791243,50.424144968992294
6,4,2011,63473472.12273,1258791243,50.424144968992294
6,5,2011,63473472.12273,1258791243,50.424144968992294
6,6,2011,63473472.12273,1258791243,50.424144968992294
6,7,2011,63473472.12273,1258791243,50.424144968992294
6,8,2011,63473472.12273,1258791243,50.424144968992294
6,9,2011,63473472.12273,1258791243,50.424144968992294
6,10,2011,63473472.12273,1258791243,50.424144968992294
6,11,2011,63473472.12273,1258791243,50.424144968992294
6,12,2011,63473472.12273,1258791243,50.424144968992294
6,13,2011,63473472.12273,1258791243,50.424144968992294
6,14,2011,63473472.12273,1258791243,50.424144968992294
6,15,2011,63473472.12273,1258791243,50.424144968992294
6,16,2011,63473472.12273,1258791243,50.424144968992294
6,17,2011,63473472.12273,1258791243,50.424144968992294
6,18,2011,63473472.12273,1258791243,50.424144968992294
6,19,2011,63473472.12273,1258791243,50.424144968992294
6,20,2011,63473472.12273,1258791243,50.424144968992294
6,21,2011,63473472.12273,1258791243,50.424144968992294
6,22,2011,112663409.94647,1258791243,89.50126605422375
6,23,2011,112663409.94647,1258791243,89.50126605422375
6,24,2011,112663409.94647,1258791243,89.50126605422375
6,25,2011,112663409.94647,1258791243,89.50126605422375
6,26,2011,112663409.94647,1258791243,89.50126605422375
6,27,2011,112663409.94647,1258791243,89.50126605422375
6,28,2011,112663409.94647,1258791243,89.50126605422375
6,29,2011,112663409.94647,1258791243,89.50126605422375
6,30,2011,112663409.94647,1258791243,89.50126605422375
7,1,2011,112663409.94647,1258791243,89.50126605422375
7,2,2011,112728677.31081,1258791243,89.55311529030871
7,3,2011,112821592.79878001,1258791243,89.6269285524256
7,4,2011,112821592.79878001,1258791243,89.6269285524256
7,5,2011,112821592.79878001,1258791243,89.6269285524256
7,6,2011,112821592.79878001,1258791243,89.6269285524256
7,7,2011,112821592.79878001,1258791243,89.6269285524256
7,8,2011,112825390.63867001,1258791243,89.62994560542079
7,9,2011,112825390.63867001,1258791243,89.62994560542079
7,10,2011,115306685.70085001,1258791243,91.60111840788362
7,11,2011,117745201.03368,1258791243,93.53830644155506
7,12,2011,117745201.03368,1258791243,93.53830644155506
7,13,2011,117745201.03368,1258791243,93.53830644155506
7,14,2011,117745201.03368,1258791243,93.53830644155506
7,15,2011,117745201.03368,1258791243,93.53830644155506
7,16,2011,117745201.03368,1258791243,93.53830644155506
7,17,2011,117745201.03368,1258791243,93.53830644155506
7,18,2011,117745201.03368,1258791243,93.53830644155506
7,19,2011,124158092.54607001,1258791243,98.63279017589258
7,20,2011,124241461.19148001,1258791243,98.69901930313954
7,21,2011,124263661.04774,1258791243,98.71665515529806
7,22,2011,124411760.88897,1258791243,98.83430757944191
7,23,2011,126884698.19707,1258791243,100.79884087426083
7,24,2011,126884698.19707,1258791243,100.79884087426083
7,25,2011,126884698.19707,1258791243,100.79884087426083
7,26,2011,126884698.19707,1258791243,100.79884087426083
7,27,2011,126884698.19707,1258791243,100.79884087426083
7,28,2011,126884698.19707,1258791243,100.79884087426083
7,29,2011,126884698.19707,1258791243,100.79884087426083
7,30,2011,126972280.93678,1258791243,100.86841773237535
7,31,2011,126977972.44182001,1258791243,100.87293913739119
8,1,2011,126977972.44182001,1258791243,100.87293913739119
8,2,2011,126977972.44182001,1258791243,100.87293913739119
8,3,2011,126977972.44182001,1258791243,100.87293913739119
8,4,2011,126977972.44182001,1258791243,100.87293913739119
8,5,2011,126977972.44182001,1258791243,100.87293913739119
8,6,2011,126977972.44182001,1258791243,100.87293913739119
8,7,2011,126977972.44182001,1258791243,100.87293913739119
8,8,2011,126977972.44182001,1258791243,100.87293913739119
8,9,2011,126977972.44182001,1258791243,100.87293913739119
8,10,2011,126977972.44182001,1258791243,100.87293913739119
8,11,2011,126977972.44182001,1258791243,100.87293913739119
8,12,2011,161547091.66186,1258791243,128.3350933367273
8,13,2011,161547091.66186,1258791243,128.3350933367273
8,14,2011,161547091.66186,1258791243,128.3350933367273
8,15,2011,161547091.66186,1258791243,128.3350933367273
8,16,2011,161547091.66186,1258791243,128.3350933367273
8,17,2011,161547091.66186,1258791243,128.3350933367273
8,18,2011,161547091.66186,1258791243,128.3350933367273
8,19,2011,161547091.66186,1258791243,128.3350933367273
8,20,2011,161547091.66186,1258791243,128.3350933367273
8,21,2011,161547091.66186,1258791243,128.3350933367273
8,22,2011,161547091.66186,1258791243,128.3350933367273
8,23,2011,161547091.66186,1258791243,128.3350933367273
8,24,2011,161547091.66186,1258791243,128.3350933367273
8,25,2011,161587341.87525,1258791243,128.36706862541305
8,26,2011,161587341.87525,1258791243,128.36706862541305
8,27,2011,161587341.87525,1258791243,128.36706862541305
8,28,2011,162822811.07667,1258791243,129.34854129476176
8,29,2011,162951252.75349,1258791243,129.45057701953684
8,30,2011,162951252.75349,1258791243,129.45057701953684
8,31,2011,162951252.75349,1258791243,129.45057701953684
9,1,2011,162951252.75349,1258791243,129.45057701953684
9,2,2011,163400210.02503002,1258791243,129.80723446693852
9,3,2011,163404141.91793,1258791243,129.81035801337396
9,4,2011,163404141.91793,1258791243,129.81035801337396
9,5,2011,163404141.91793,1258791243,129.81035801337396
9,6,2011,163404141.91793,1258791243,129.81035801337396
9,7,2011,163404141.91793,1258791243,129.81035801337396
9,8,2011,163404141.91793,1258791243,129.81035801337396
9,9,2011,163404141.91793,1258791243,129.81035801337396
9,10,2011,163404141.91793,1258791243,129.81035801337396
9,11,2011,163404141.91793,1258791243,129.81035801337396
9,12,2011,163404141.91793,1258791243,129.81035801337396
9,13,2011,163404141.91793,1258791243,129.81035801337396
9,14,2011,163404141.91793,1258791243,129.81035801337396
9,15,2011,163404141.91793,1258791243,129.81035801337396
9,16,2011,164317990.80503002,1258791243,130.53633135659655
9,17,2011,167838970.61157,1258791243,133.33344313038728
9,18,2011,167839025.72013,1258791243,133.33348690933815
9,19,2011,174946915.19633,1258791243,138.98008599058073
9,20,2011,174946915.19633,1258791243,138.98008599058073
9,21,2011,174946915.19633,1258791243,138.98008599058073
9,22,2011,184839048.84415,1258791243,146.83852455442448
9,23,2011,184839048.84415,1258791243,146.83852455442448
9,24,2011,184839048.84415,1258791243,146.83852455442448
9,25,2011,184839048.84415,1258791243,146.83852455442448
9,26,2011,184839048.84415,1258791243,146.83852455442448
9,27,2011,184839048.84415,1258791243,146.83852455442448
9,28,2011,186943308.24962002,1258791243,148.51017536798994
9,29,2011,187625043.46959,1258791243,149.05175462011854
9,30,2011,193572509.13152,1258791243,153.77649805553978
10,1,2011,193572509.13152,1258791243,153.77649805553978
10,2,2011,193572509.13152,1258791243,153.77649805553978
10,3,2011,193572509.13152,1258791243,153.77649805553978
10,4,2011,193572509.13152,1258791243,153.77649805553978
10,5,2011,193572509.13152,1258791243,153.77649805553978
10,6,2011,193572509.13152,1258791243,153.77649805553978
10,7,2011,193602244.82904,1258791243,153.80012047719654
10,8,2011,195942453.47146,1258791243,155.65921240799418
10,9,2011,271156356.14195,1258791243,215.4101068384617
10,10,2011,271156356.14195,1258791243,215.4101068384617
10,11,2011,271156356.14195,1258791243,215.4101068384617
10,12,2011,271156356.14195,1258791243,215.4101068384617
10,13,2011,271156356.14195,1258791243,215.4101068384617
10,14,2011,271156356.14195,1258791243,215.4101068384617
10,15,2011,271156356.14195,1258791243,215.4101068384617
10,16,2011,271156356.14195,1258791243,215.4101068384617
10,17,2011,271156356.14195,1258791243,215.4101068384617
10,18,2011,271156356.14195,1258791243,215.4101068384617
10,19,2011,271156356.14195,1258791243,215.4101068384617
10,20,2011,271156356.14195,1258791243,215.4101068384617
10,21,2011,271156356.14195,1258791243,215.4101068384617
10,22,2011,271156356.14195,1258791243,215.4101068384617
10,23,2011,271156356.14195,1258791243,215.4101068384617
10,24,2011,271156356.14195,1258791243,215.4101068384617
10,25,2011,271156356.14195,1258791243,215.4101068384617
10,26,2011,271156356.14195,1258791243,215.4101068384617
10,27,2011,271156356.14195,1258791243,215.4101068384617
10,28,2011,271156356.14195,1258791243,215.4101068384617
10,29,2011,271156356.14195,1258791243,215.4101068384617
10,30,2011,271156356.14195,1258791243,215.4101068384617
10,31,2011,271156356.14195,1258791243,215.4101068384617
11,1,2011,271156356.14195,1258791243,215.4101068384617
11,2,2011,271156356.14195,1258791243,215.4101068384617
11,3,2011,271156356.14195,1258791243,215.4101068384617
11,4,2011,271156356.14195,1258791243,215.4101068384617
11,5,2011,271156356.14195,1258791243,215.4101068384617
11,6,2011,271167434.88979,1258791243,215.4189079386454
11,7,2011,273372000.95588,1258791243,217.17024365721616
11,8,2011,275060726.17994,1258791243,218.511788757288
11,9,2011,275084153.3275,1258791243,218.5303995854855
11,10,2011,275085336.18502,1258791243,218.53133926275655
11,11,2011,275085336.18502,1258791243,218.53133926275655
11,12,2011,275085336.18502,1258791243,218.53133926275655
11,13,2011,275085336.18502,1258791243,218.53133926275655
11,14,2011,275085336.18502,1258791243,218.53133926275655
11,15,2011,306386359.18206,1258791243,243.3972756688934
11,16,2011,306386359.18206,1258791243,243.3972756688934
11,17,2011,306386359.18206,1258791243,243.3972756688934
11,18,2011,306386359.18206,1258791243,243.3972756688934
11,19,2011,306386359.18206,1258791243,243.3972756688934
11,20,2011,306386359.18206,1258791243,243.3972756688934
11,21,2011,306389590.55566,1258791243,243.39984271376125
11,22,2011,307012281.80476,1258791243,243.8945166738501
11,23,2011,307012281.80476,1258791243,243.8945166738501
11,24,2011,307012281.80476,1258791243,243.8945166738501
11,25,2011,307012281.80476,1258791243,243.8945166738501
11,26,2011,332945941.56436,1258791243,264.4965504930511
11,27,2011,332945941.56436,1258791243,264.4965504930511
11,28,2011,332945941.56436,1258791243,264.4965504930511
11,29,2011,332945941.56436,1258791243,264.4965504930511
11,30,2011,332945941.56436,1258791243,264.4965504930511
12,1,2011,332945941.56436,1258791243,264.4965504930511
12,2,2011,333053938.55085003,1258791243,264.58234469212147
12,3,2011,334946676.16471,1258791243,266.085959866111
12,4,2011,335782023.23065,1258791243,266.7495703500457
12,5,2011,342004853.13027,1258791243,271.69306668768274
12,6,2011,342004853.13027,1258791243,271.69306668768274
12,7,2011,342004853.13027,1258791243,271.69306668768274
12,8,2011,342004853.13027,1258791243,271.69306668768274
12,9,2011,342004853.13027,1258791243,271.69306668768274
12,10,2011,352428490.38986003,1258791243,279.97373857633363
12,11,2011,357543481.07735,1258791243,284.0371531543535
12,12,2011,358809560.62039,1258791243,285.04294307391365
12,13,2011,362084210.10011,1258791243,287.64436685877865
12,14,2011,364630538.86977,1258791243,289.66720327730303
12,15,2011,365351741.14008003,1258791243,290.24013566328887
12,16,2011,365407905.91587,1258791243,290.2847536856197
12,17,2011,365407905.91587,1258791243,290.2847536856197
12,18,2011,365407905.91587,1258791243,290.2847536856197
12,19,2011,371168367.464,1258791243,294.8609386409594
12,20,2011,371173846.81442,1258791243,294.8652915076086
12,21,2011,371173846.81442,1258791243,294.8652915076086
12,22,2011,394597759.48466,1258791243,313.4735498669655
12,23,2011,394597759.48466,1258791243,313.4735498669655
12,24,2011,394813957.08712,1258791243,313.64530003099173
12,25,2011,394815175.99312,1258791243,313.64626834564024
12,26,2011,394832648.79038,1258791243,313.660148961157
12,27,2011,394832648.79038,1258791243,313.660148961157
12,28,2011,394832648.79038,1258791243,313.660148961157
12,29,2011,394832648.79038,1258791243,313.660148961157
12,30,2011,394832648.79038,1258791243,313.660148961157
12,31,2011,394832648.79038,1258791243,313.660148961157
1,1,2012,0,1258791243,0
1,2,2012,0,1258791243,0
1,3,2012,0,1258791243,0
1,4,2012,0,1258791243,0
1,5,2012,0,1258791243,0
1,6,2012,0,1258791243,0
1,7,2012,0,1258791243,0
1,8,2012,3652.6625,1258791243,0.0029017222039889896
1,9,2012,8303449.47165,1258791243,6.596367362598502
1,10,2012,8303449.47165,1258791243,6.596367362598502
1,11,2012,8303449.47165,1258791243,6.596367362598502
1,12,2012,8303449.47165,1258791243,6.596367362598502
1,13,2012,8303449.47165,1258791243,6.596367362598502
1,14,2012,8303449.47165,1258791243,6.596367362598502
1,15,2012,8303449.47165,1258791243,6.596367362598502
1,16,2012,8303449.47165,1258791243,6.596367362598502
1,17,2012,8388805.66073,1258791243,6.6641754201733034
1,18,2012,8388805.66073,1258791243,6.6641754201733034
1,19,2012,8388805.66073,1258791243,6.6641754201733034
1,20,2012,8388805.66073,1258791243,6.6641754201733034
1,21,2012,8388805.66073,1258791243,6.6641754201733034
1,22,2012,8388805.66073,1258791243,6.6641754201733034
1,23,2012,8388805.66073,1258791243,6.6641754201733034
1,24,2012,9524475.76181,1258791243,7.566366396949903
1,25,2012,45967828.00831,1258791243,36.51743548736301
1,26,2012,45967828.00831,1258791243,36.51743548736301
1,27,2012,45967828.00831,1258791243,36.51743548736301
1,28,2012,45967828.00831,1258791243,36.51743548736301
1,29,2012,45967828.00831,1258791243,36.51743548736301
1,30,2012,47628569.47289,1258791243,37.83674992795449
1,31,2012,47858984.37538,1258791243,38.01979449850685
2,1,2012,47859915.68113,1258791243,38.02053433980713
2,2,2012,48335754.79517,1258791243,38.39854706962718
2,3,2012,48468453.54124,1258791243,38.50396466512438
2,4,2012,64775464.04205,1258791243,51.45846414348626
2,5,2012,65721695.99068,1258791243,52.21016300848226
2,6,2012,66331914.13341,1258791243,52.69492817198602
2,7,2012,66331914.13341,1258791243,52.69492817198602
2,8,2012,66331914.13341,1258791243,52.69492817198602
2,9,2012,66331914.13341,1258791243,52.69492817198602
2,10,2012,69488059.75016999,1258791243,55.202210959589586
2,11,2012,69488059.75016999,1258791243,55.202210959589586
2,12,2012,70421517.90179,1258791243,55.94376215547759
2,13,2012,72736998.02199,1258791243,57.78320942926197
2,14,2012,72736998.02199,1258791243,57.78320942926197
2,15,2012,72736998.02199,1258791243,57.78320942926197
2,16,2012,72736998.02199,1258791243,57.78320942926197
2,17,2012,77740008.87694,1258791243,61.7576657839365
2,18,2012,103999231.39805,1258791243,82.61833086016313
2,19,2012,103999231.39805,1258791243,82.61833086016313
2,20,2012,103999231.39805,1258791243,82.61833086016313
2,21,2012,103999231.39805,1258791243,82.61833086016313
2,22,2012,103999231.39805,1258791243,82.61833086016313
2,23,2012,103999231.39805,1258791243,82.61833086016313
2,24,2012,103999231.39805,1258791243,82.61833086016313
2,25,2012,103999231.39805,1258791243,82.61833086016313
2,26,2012,103999231.39805,1258791243,82.61833086016313
2,27,2012,104746121.5419,1258791243,83.21167002422497
2,28,2012,104941626.7146,1258791243,83.36698185514783
2,29,2012,104946257.59104,1258791243,83.37066068312329
3,1,2012,104946257.59104,1258791243,83.37066068312329
3,2,2012,104946257.59104,1258791243,83.37066068312329
3,3,2012,109523182.51689,1258791243,87.00662887983724
3,4,2012,109523182.51689,1258791243,87.00662887983724
3,5,2012,109523182.51689,1258791243,87.00662887983724
3,6,2012,109523182.51689,1258791243,87.00662887983724
3,7,2012,109546198.8233,1258791243,87.02491333052593
3,8,2012,109546198.8233,1258791243,87.02491333052593
3,9,2012,119957405.53361,1258791243,95.29571023049292
3,10,2012,123259240.75305,1258791243,97.91873071764768
3,11,2012,123678705.75343,1258791243,98.25195912443283
3,12,2012,123678705.75343,1258791243,98.25195912443283
3,13,2012,123678705.75343,1258791243,98.25195912443283
3,14,2012,123678705.75343,1258791243,98.25195912443283
3,15,2012,123678705.75343,1258791243,98.25195912443283
3,16,2012,125802291.64386,1258791243,99.9389631469338
3,17,2012,125802291.64386,1258791243,99.9389631469338
3,18,2012,125802291.64386,1258791243,99.9389631469338
3,19,2012,126673685.40605,1258791243,100.63120959131902
3,20,2012,195177053.8424,1258791243,155.0511690701363
3,21,2012,195177053.8424,1258791243,155.0511690701363
3,22,2012,195177053.8424,1258791243,155.0511690701363
3,23,2012,195177053.8424,1258791243,155.0511690701363
3,24,2012,195177053.8424,1258791243,155.0511690701363
3,25,2012,195177053.8424,1258791243,155.0511690701363
3,26,2012,195177053.8424,1258791243,155.0511690701363
3,27,2012,195794162.08949,1258791243,155.54140782141587
3,28,2012,197332745.07658002,1258791243,156.76367799182412
3,29,2012,197385278.46922,1258791243,156.80541119654103
3,30,2012,197385278.46922,1258791243,156.80541119654103
3,31,2012,197385278.46922,1258791243,156.80541119654103
4,1,2012,197385278.46922,1258791243,156.80541119654103
4,2,2012,197472692.6509,1258791243,156.87485414998235
4,3,2012,197472692.6509,1258791243,156.87485414998235
4,4,2012,197472692.6509,1258791243,156.87485414998235
4,5,2012,197472692.6509,1258791243,156.87485414998235
4,6,2012,197472692.6509,1258791243,156.87485414998235
4,7,2012,197486837.90081,1258791243,156.88609131896382
4,8,2012,197840186.87325,1258791243,157.1667963003537
4,9,2012,197840186.87325,1258791243,157.1667963003537
4,10,2012,197840186.87325,1258791243,157.1667963003537
4,11,2012,197840186.87325,1258791243,157.1667963003537
4,12,2012,197978017.94405,1258791243,157.27629108081587
4,13,2012,198107336.4061,1258791243,157.37902333508688
4,14,2012,198107336.4061,1258791243,157.37902333508688
4,15,2012,200065114.98782,1258791243,158.9343078928775
4,16,2012,200065114.98782,1258791243,158.9343078928775
4,17,2012,200065114.98782,1258791243,158.9343078928775
4,18,2012,200065114.98782,1258791243,158.9343078928775
4,19,2012,200065114.98782,1258791243,158.9343078928775
4,20,2012,201082141.60844,1258791243,159.7422469584498
4,21,2012,201082141.60844,1258791243,159.7422469584498
4,22,2012,201082141.60844,1258791243,159.7422469584498
4,23,2012,201082141.60844,1258791243,159.7422469584498
4,24,2012,201082141.60844,1258791243,159.7422469584498
4,25,2012,201082141.60844,1258791243,159.7422469584498
4,26,2012,201082141.60844,1258791243,159.7422469584498
4,27,2012,201082141.60844,1258791243,159.7422469584498
4,28,2012,201082141.60844,1258791243,159.7422469584498
4,29,2012,201082141.60844,1258791243,159.7422469584498
4,30,2012,201082141.60844,1258791243,159.7422469584498
5,1,2012,212829629.08247,1258791243,169.07460253317794
5,2,2012,212829629.08247,1258791243,169.07460253317794
5,3,2012,212829629.08247,1258791243,169.07460253317794
5,4,2012,215089174.90783,1258791243,170.86961488167105
5,5,2012,215089174.90783,1258791243,170.86961488167105
5,6,2012,233561057.02144,1258791243,185.5439162929099
5,7,2012,233561057.02144,1258791243,185.5439162929099
5,8,2012,288811807.80376,1258791243,229.4358253680352
5,9,2012,298675907.57916003,1258791243,237.2719934620327
5,10,2012,327236695.33967,1258791243,259.9610516512546
5,11,2012,332824204.36598,1258791243,264.3998408924267
5,12,2012,332836272.46320003,1258791243,264.409427944519
5,13,2012,332840477.79906,1258791243,264.41276871756884
5,14,2012,332850284.06966,1258791243,264.42055894542
5,15,2012,376300198.49077004,1258791243,298.937731401719
5,16,2012,376300198.49077004,1258791243,298.937731401719
5,17,2012,376300198.49077004,1258791243,298.937731401719
5,18,2012,376300198.49077004,1258791243,298.937731401719
5,19,2012,376300198.49077004,1258791243,298.937731401719
5,20,2012,376300198.49077004,1258791243,298.937731401719
5,21,2012,376300198.49077004,1258791243,298.937731401719
5,22,2012,376300198.49077004,1258791243,298.937731401719
5,23,2012,376300198.49077004,1258791243,298.937731401719
5,24,2012,376300198.49077004,1258791243,298.937731401719
5,25,2012,376300198.49077004,1258791243,298.937731401719
5,26,2012,376300198.49077004,1258791243,298.937731401719
5,27,2012,376300198.49077004,1258791243,298.937731401719
5,28,2012,376300198.49077004,1258791243,298.937731401719
5,29,2012,376300198.49077004,1258791243,298.937731401719
5,30,2012,376300198.49077004,1258791243,298.937731401719
5,31,2012,376301658.97356004,1258791243,298.9388916280855
6,1,2012,376301658.97356004,1258791243,298.9388916280855
6,2,2012,376301658.97356004,1258791243,298.9388916280855
6,3,2012,376301658.97356004,1258791243,298.9388916280855
6,4,2012,376301658.97356004,1258791243,298.9388916280855
6,5,2012,376301658.97356004,1258791243,298.9388916280855
6,6,2012,376302078.86531,1258791243,298.9392251955076
6,7,2012,376302078.86531,1258791243,298.9392251955076
6,8,2012,376302078.86531,1258791243,298.9392251955076
6,9,2012,376302078.86531,1258791243,298.9392251955076
6,10,2012,376302078.86531,1258791243,298.9392251955076
6,11,2012,376302078.86531,1258791243,298.9392251955076
6,12,2012,376302078.86531,1258791243,298.9392251955076
6,13,2012,376307208.95664,1258791243,298.9433006062309
6,14,2012,376307208.95664,1258791243,298.9433006062309
6,15,2012,376307208.95664,1258791243,298.9433006062309
6,16,2012,376307208.95664,1258791243,298.9433006062309
6,17,2012,376307208.95664,1258791243,298.9433006062309
6,18,2012,397238129.73858,1258791243,315.57109405358324
6,19,2012,397238129.73858,1258791243,315.57109405358324
6,20,2012,397247185.72225,1258791243,315.5782882438196
6,21,2012,397977416.76653004,1258791243,316.1583932043052
6,22,2012,397977416.76653004,1258791243,316.1583932043052
6,23,2012,397977416.76653004,1258791243,316.1583932043052
6,24,2012,397977416.76653004,1258791243,316.1583932043052
6,25,2012,397977416.76653004,1258791243,316.1583932043052
6,26,2012,397977416.76653004,1258791243,316.1583932043052
6,27,2012,397978494.10934,1258791243,316.1592490593295
6,28,2012,397978494.10934,1258791243,316.1592490593295
6,29,2012,397982729.73422,1258791243,316.16261389436755
6,30,2012,402310567.78879,1258791243,319.60070426768135
7,1,2012,404965591.53413004,1258791243,321.70988937689174
7,2,2012,415145395.47861004,1258791243,329.7968569349271
7,3,2012,415145395.47861004,1258791243,329.7968569349271
7,4,2012,415145395.47861004,1258791243,329.7968569349271
7,5,2012,415192631.70093,1258791243,329.8343819992161
7,6,2012,415215442.79971004,1258791243,329.85250343031663
7,7,2012,415215442.79971004,1258791243,329.85250343031663
7,8,2012,415240434.70366,1258791243,329.87235732117335
7,9,2012,420213262.48654,1258791243,333.82283585407816
7,10,2012,437705714.79861003,1258791243,347.71906559776573
7,11,2012,462372372.91507,1258791243,367.3145769691933
7,12,2012,462521093.99989,1258791243,367.4327229172582
7,13,2012,464242676.48771,1258791243,368.8003702514715
7,14,2012,470575746.57492,1258791243,373.83144281606667
7,15,2012,486107090.66056,1258791243,386.16974288925843
7,16,2012,519438762.36377,1258791243,412.64885281996675
7,17,2012,519455232.12436,1258791243,412.6619366102152
7,18,2012,519530326.32293004,1258791243,412.72159241016425
7,19,2012,520598280.07912004,1258791243,413.5699886491187
7,20,2012,520600669.94652003,1258791243,413.5718871906071
7,21,2012,520600669.94652003,1258791243,413.5718871906071
7,22,2012,520600669.94652003,1258791243,413.5718871906071
7,23,2012,520600669.94652003,1258791243,413.5718871906071
7,24,2012,520606370.96977,1258791243,413.5764161570117
7,25,2012,520606370.96977,1258791243,413.5764161570117
7,26,2012,520606370.96977,1258791243,413.5764161570117
7,27,2012,522123181.89935,1258791243,414.7813903241063
7,28,2012,522123181.89935,1258791243,414.7813903241063
7,29,2012,522123181.89935,1258791243,414.7813903241063
7,30,2012,522123181.89935,1258791243,414.7813903241063
7,31,2012,522123181.89935,1258791243,414.7813903241063
8,1,2012,522123181.89935,1258791243,414.7813903241063
8,2,2012,522123181.89935,1258791243,414.7813903241063
8,3,2012,522123181.89935,1258791243,414.7813903241063
8,4,2012,522123181.89935,1258791243,414.7813903241063
8,5,2012,522123181.89935,1258791243,414.7813903241063
8,6,2012,522123181.89935,1258791243,414.7813903241063
8,7,2012,522123181.89935,1258791243,414.7813903241063
8,8,2012,522123181.89935,1258791243,414.7813903241063
8,9,2012,522123181.89935,1258791243,414.7813903241063
8,10,2012,525807851.39073,1258791243,417.7085392948909
8,11,2012,529357585.83054,1258791243,420.5284941202439
8,12,2012,529357585.83054,1258791243,420.5284941202439
8,13,2012,530987849.55949,1258791243,421.8235966545328
8,14,2012,531411956.62673,1258791243,422.1605127791074
8,15,2012,531411956.62673,1258791243,422.1605127791074
8,16,2012,531411956.62673,1258791243,422.1605127791074
8,17,2012,531411956.62673,1258791243,422.1605127791074
8,18,2012,531411956.62673,1258791243,422.1605127791074
8,19,2012,581314463.62712,1258791243,461.80370800936686
8,20,2012,581333720.8327,1258791243,461.8190061818694
8,21,2012,581335469.88598,1258791243,461.8203956523552
8,22,2012,581336865.50774,1258791243,461.8215043522829
8,23,2012,581336865.50774,1258791243,461.8215043522829
8,24,2012,581336865.50774,1258791243,461.8215043522829
8,25,2012,581336865.50774,1258791243,461.8215043522829
8,26,2012,581336865.50774,1258791243,461.8215043522829
8,27,2012,581364611.86225,1258791243,461.8435464141928
8,28,2012,581636851.39781,1258791243,462.0598170127324
8,29,2012,581645548.31005,1258791243,462.0667259519933
8,30,2012,581645548.31005,1258791243,462.0667259519933
8,31,2012,581645548.31005,1258791243,462.0667259519933
9,1,2012,581646668.21403,1258791243,462.0676156181601
9,2,2012,581741836.99371,1258791243,462.14321892427563
9,3,2012,581741836.99371,1258791243,462.14321892427563
9,4,2012,581741836.99371,1258791243,462.14321892427563
9,5,2012,581741836.99371,1258791243,462.14321892427563
9,6,2012,581741836.99371,1258791243,462.14321892427563
9,7,2012,581741836.99371,1258791243,462.14321892427563
9,8,2012,581741836.99371,1258791243,462.14321892427563
9,9,2012,581741836.99371,1258791243,462.14321892427563
9,10,2012,581741836.99371,1258791243,462.14321892427563
9,11,2012,581741836.99371,1258791243,462.14321892427563
9,12,2012,581741836.99371,1258791243,462.14321892427563
9,13,2012,587084936.76605,1258791243,466.387846301573
9,14,2012,638139302.0631701,1258791243,506.9460926200374
9,15,2012,638139302.0631701,1258791243,506.9460926200374
9,16,2012,664266313.55367,1258791243,527.7017275482191
9,17,2012,664266313.55367,1258791243,527.7017275482191
9,18,2012,664266313.55367,1258791243,527.7017275482191
9,19,2012,664266313.55367,1258791243,527.7017275482191
9,20,2012,664266313.55367,1258791243,527.7017275482191
9,21,2012,664266313.55367,1258791243,527.7017275482191
9,22,2012,664266313.55367,1258791243,527.7017275482191
9,23,2012,664266313.55367,1258791243,527.7017275482191
9,24,2012,664266313.55367,1258791243,527.7017275482191
9,25,2012,664266313.55367,1258791243,527.7017275482191
9,26,2012,664266313.55367,1258791243,527.7017275482191
9,27,2012,664848958.8568801,1258791243,528.164588492359
9,28,2012,665342782.1358501,1258791243,528.5568880747687
9,29,2012,711159480.71788,1258791243,564.9542643965469
9,30,2012,711159480.71788,1258791243,564.9542643965469
10,1,2012,716700000.65958,1258791243,569.3557249028146
10,2,2012,716822166.5415801,1258791243,569.4527750552362
10,3,2012,716822166.5415801,1258791243,569.4527750552362
10,4,2012,716822166.5415801,1258791243,569.4527750552362
10,5,2012,716822166.5415801,1258791243,569.4527750552362
10,6,2012,716822166.5415801,1258791243,569.4527750552362
10,7,2012,716822166.5415801,1258791243,569.4527750552362
10,8,2012,716822166.5415801,1258791243,569.4527750552362
10,9,2012,716822166.5415801,1258791243,569.4527750552362
10,10,2012,716822166.5415801,1258791243,569.4527750552362
10,11,2012,717506384.5317501,1258791243,569.9963266520357
10,12,2012,717506384.5317501,1258791243,569.9963266520357
10,13,2012,717534806.8077401,1258791243,570.0189056746879
10,14,2012,717766198.3004,1258791243,570.2027260610678
10,15,2012,717766198.3004,1258791243,570.2027260610678
10,16,2012,719917197.2218001,1258791243,571.9115073489593
10,17,2012,719917197.2218001,1258791243,571.9115073489593
10,18,2012,719917197.2218001,1258791243,571.9115073489593
10,19,2012,719917197.2218001,1258791243,571.9115073489593
10,20,2012,719917197.2218001,1258791243,571.9115073489593
10,21,2012,719917197.2218001,1258791243,571.9115073489593
10,22,2012,719917197.2218001,1258791243,571.9115073489593
10,23,2012,719917197.2218001,1258791243,571.9115073489593
10,24,2012,719917197.2218001,1258791243,571.9115073489593
10,25,2012,719917197.2218001,1258791243,571.9115073489593
10,26,2012,722843125.40959,1258791243,574.2359024415218
10,27,2012,722843125.40959,1258791243,574.2359024415218
10,28,2012,722843125.40959,1258791243,574.2359024415218
10,29,2012,722843125.40959,1258791243,574.2359024415218
10,30,2012,722843125.40959,1258791243,574.2359024415218
10,31,2012,722843125.40959,1258791243,574.2359024415218
11,1,2012,722843125.40959,1258791243,574.2359024415218
11,2,2012,722843125.40959,1258791243,574.2359024415218
11,3,2012,722843125.40959,1258791243,574.2359024415218
11,4,2012,730778969.6749,1258791243,580.5402394866359
11,5,2012,730778969.6749,1258791243,580.5402394866359
11,6,2012,730778969.6749,1258791243,580.5402394866359
11,7,2012,730778969.6749,1258791243,580.5402394866359
11,8,2012,730778969.6749,1258791243,580.5402394866359
11,9,2012,730778969.6749,1258791243,580.5402394866359
11,10,2012,730778969.6749,1258791243,580.5402394866359
11,11,2012,730778969.6749,1258791243,580.5402394866359
11,12,2012,730778969.6749,1258791243,580.5402394866359
11,13,2012,731407719.43543,1258791243,581.0397264063506
11,14,2012,731407719.43543,1258791243,581.0397264063506
11,15,2012,731407719.43543,1258791243,581.0397264063506
11,16,2012,731407719.43543,1258791243,581.0397264063506
11,17,2012,731407719.43543,1258791243,581.0397264063506
11,18,2012,731407719.43543,1258791243,581.0397264063506
11,19,2012,731407719.43543,1258791243,581.0397264063506
11,20,2012,731407719.43543,1258791243,581.0397264063506
11,21,2012,731407719.43543,1258791243,581.0397264063506
11,22,2012,731407719.43543,1258791243,581.0397264063506
11,23,2012,731407719.43543,1258791243,581.0397264063506
11,24,2012,731407719.43543,1258791243,581.0397264063506
11,25,2012,731407719.43543,1258791243,581.0397264063506
11,26,2012,731407719.43543,1258791243,581.0397264063506
11,27,2012,732435424.08776,1258791243,581.8561482380442
11,28,2012,732435424.08776,1258791243,581.8561482380442
11,29,2012,732435424.08776,1258791243,581.8561482380442
11,30,2012,732435424.08776,1258791243,581.8561482380442
12,1,2012,732435424.08776,1258791243,581.8561482380442
12,2,2012,732448147.61286,1258791243,581.8662559704985
12,3,2012,732448147.61286,1258791243,581.8662559704985
12,4,2012,732448147.61286,1258791243,581.8662559704985
12,5,2012,732448147.61286,1258791243,581.8662559704985
12,6,2012,732448147.61286,1258791243,581.8662559704985
12,7,2012,732448147.61286,1258791243,581.8662559704985
12,8,2012,732448147.61286,1258791243,581.8662559704985
12,9,2012,732448147.61286,1258791243,581.8662559704985
12,10,2012,732448147.61286,1258791243,581.8662559704985
12,11,2012,732448147.61286,1258791243,581.8662559704985
12,12,2012,732448147.61286,1258791243,581.8662559704985
12,13,2012,732448147.61286,1258791243,581.8662559704985
12,14,2012,736972485.23195,1258791243,585.4604481324233
12,15,2012,737186691.3108901,1258791243,585.6306162044774
12,16,2012,737249839.3670801,1258791243,585.680781834832
12,17,2012,737249839.3670801,1258791243,585.680781834832
12,18,2012,737249839.3670801,1258791243,585.680781834832
12,19,2012,737249839.3670801,1258791243,585.680781834832
12,20,2012,737249839.3670801,1258791243,585.680781834832
12,21,2012,737249839.3670801,1258791243,585.680781834832
12,22,2012,737249839.3670801,1258791243,585.680781834832
12,23,2012,737249839.3670801,1258791243,585.680781834832
12,24,2012,737249839.3670801,1258791243,585.680781834832
12,25,2012,737249839.3670801,1258791243,585.680781834832
12,26,2012,737249839.3670801,1258791243,585.680781834832
12,27,2012,737249839.3670801,1258791243,585.680781834832
12,28,2012,737249839.3670801,1258791243,585.680781834832
12,29,2012,737249839.3670801,1258791243,585.680781834832
12,30,2012,737282244.63285,1258791243,585.7065249959401
12,31,2012,739723643.12811,1258791243,587.6460034510345
1,1,2013,97953.07241000001,1258791243,0.07781518417347301
1,2,2013,97953.07241000001,1258791243,0.07781518417347301
1,3,2013,265367.02405,1258791243,0.21081098675072368
1,4,2013,5335583.773329999,1258791243,4.238656570738472
1,5,2013,5550516.84163,1258791243,4.409402172517338
1,6,2013,5550516.84163,1258791243,4.409402172517338
1,7,2013,5550516.84163,1258791243,4.409402172517338
1,8,2013,9483430.727009999,1258791243,7.533759691884033
1,9,2013,66501205.49380001,1258791243,52.829415412290096
1,10,2013,66685453.501040004,1258791243,52.97578440577061
1,11,2013,66685453.501040004,1258791243,52.97578440577061
1,12,2013,66744240.94020001,1258791243,53.022485905711065
1,13,2013,66744240.94020001,1258791243,53.022485905711065
1,14,2013,66744240.94020001,1258791243,53.022485905711065
1,15,2013,66744240.94020001,1258791243,53.022485905711065
1,16,2013,66744240.94020001,1258791243,53.022485905711065
1,17,2013,66744240.94020001,1258791243,53.022485905711065
1,18,2013,66744240.94020001,1258791243,53.022485905711065
1,19,2013,66744240.94020001,1258791243,53.022485905711065
1,20,2013,66744240.94020001,1258791243,53.022485905711065
1,21,2013,66744240.94020001,1258791243,53.022485905711065
1,22,2013,66744240.94020001,1258791243,53.022485905711065
1,23,2013,66744240.94020001,1258791243,53.022485905711065
1,24,2013,66744240.94020001,1258791243,53.022485905711065
1,25,2013,66744240.94020001,1258791243,53.022485905711065
1,26,2013,66744240.94020001,1258791243,53.022485905711065
1,27,2013,66744240.94020001,1258791243,53.022485905711065
1,28,2013,66764371.25355001,1258791243,53.03847768628782
1,29,2013,66764371.25355001,1258791243,53.03847768628782
1,30,2013,66764371.25355001,1258791243,53.03847768628782
1,31,2013,66764371.25355001,1258791243,53.03847768628782
2,1,2013,66764371.25355001,1258791243,53.03847768628782
2,2,2013,66764371.25355001,1258791243,53.03847768628782
2,3,2013,66764371.25355001,1258791243,53.03847768628782
2,4,2013,66857348.742410004,1258791243,53.11234020271144
2,5,2013,66857348.742410004,1258791243,53.11234020271144
2,6,2013,72052025.21241,1258791243,57.23905819418701
2,7,2013,72069170.63055001,1258791243,57.252678735508184
2,8,2013,72069170.63055001,1258791243,57.252678735508184
2,9,2013,72230001.00353001,1258791243,57.38044445827942
2,10,2013,72230001.00353001,1258791243,57.38044445827942
2,11,2013,72758057.39237002,1258791243,57.799939264726845
2,12,2013,73304825.13864,1258791243,58.23429861486572
2,13,2013,73304825.13864,1258791243,58.23429861486572
2,14,2013,73304825.13864,1258791243,58.23429861486572
2,15,2013,73304825.13864,1258791243,58.23429861486572
2,16,2013,73304825.13864,1258791243,58.23429861486572
2,17,2013,73304825.13864,1258791243,58.23429861486572
2,18,2013,73304825.13864,1258791243,58.23429861486572
2,19,2013,73304825.13864,1258791243,58.23429861486572
2,20,2013,73350529.69984001,1258791243,58.27060690780481
2,21,2013,73350584.8084,1258791243,58.270650686755694
2,22,2013,73350584.8084,1258791243,58.270650686755694
2,23,2013,73350584.8084,1258791243,58.270650686755694
2,24,2013,73350584.8084,1258791243,58.270650686755694
2,25,2013,73355936.14159001,1258791243,58.27490185486619
2,26,2013,73355936.14159001,1258791243,58.27490185486619
2,27,2013,73355936.14159001,1258791243,58.27490185486619
2,28,2013,73355936.14159001,1258791243,58.27490185486619
3,1,2013,73355936.14159001,1258791243,58.27490185486619
3,2,2013,73355936.14159001,1258791243,58.27490185486619
3,3,2013,73355936.14159001,1258791243,58.27490185486619
3,4,2013,73355936.14159001,1258791243,58.27490185486619
3,5,2013,73355936.14159001,1258791243,58.27490185486619
3,6,2013,73355936.14159001,1258791243,58.27490185486619
3,7,2013,73355936.14159001,1258791243,58.27490185486619
3,8,2013,73534464.63402,1258791243,58.41672719200828
3,9,2013,74443846.32112001,1258791243,59.13915173393052
3,10,2013,89808669.25216001,1258791243,71.34516525402934
3,11,2013,89808669.25216001,1258791243,71.34516525402934
3,12,2013,89808669.25216001,1258791243,71.34516525402934
3,13,2013,89808669.25216001,1258791243,71.34516525402934
3,14,2013,89808669.25216001,1258791243,71.34516525402934
3,15,2013,89808669.25216001,1258791243,71.34516525402934
3,16,2013,89808669.25216001,1258791243,71.34516525402934
3,17,2013,89808669.25216001,1258791243,71.34516525402934
3,18,2013,89808669.25216001,1258791243,71.34516525402934
3,19,2013,89808669.25216001,1258791243,71.34516525402934
3,20,2013,90089293.91386001,1258791243,71.56809710493039
3,21,2013,90089293.91386001,1258791243,71.56809710493039
3,22,2013,90089293.91386001,1258791243,71.56809710493039
3,23,2013,90089293.91386001,1258791243,71.56809710493039
3,24,2013,90089293.91386001,1258791243,71.56809710493039
3,25,2013,90089293.91386001,1258791243,71.56809710493039
3,26,2013,90089293.91386001,1258791243,71.56809710493039
3,27,2013,90089293.91386001,1258791243,71.56809710493039
3,28,2013,90089293.91386001,1258791243,71.56809710493039
3,29,2013,90089293.91386001,1258791243,71.56809710493039
3,30,2013,90089293.91386001,1258791243,71.56809710493039
3,31,2013,93178102.81344001,1258791243,74.02188673586126
4,1,2013,93463869.2923,1258791243,74.24890331263609
4,2,2013,93636749.86542001,1258791243,74.38624186982847
4,3,2013,121699782.50933,1258791243,96.67987697411239
4,4,2013,121699782.50933,1258791243,96.67987697411239
4,5,2013,121699782.50933,1258791243,96.67987697411239
4,6,2013,121699782.50933,1258791243,96.67987697411239
4,7,2013,121699782.50933,1258791243,96.67987697411239
4,8,2013,121699782.50933,1258791243,96.67987697411239
4,9,2013,121699782.50933,1258791243,96.67987697411239
4,10,2013,121768674.98209001,1258791243,96.73460604308478
4,11,2013,121931287.19373001,1258791243,96.86378728147064
4,12,2013,121931287.19373001,1258791243,96.86378728147064
4,13,2013,121931287.19373001,1258791243,96.86378728147064
4,14,2013,121931287.19373001,1258791243,96.86378728147064
4,15,2013,121931287.19373001,1258791243,96.86378728147064
4,16,2013,121931287.19373001,1258791243,96.86378728147064
4,17,2013,121931287.19373001,1258791243,96.86378728147064
4,18,2013,124456991.40830001,1258791243,98.87023928740503
4,19,2013,124456991.40830001,1258791243,98.87023928740503
4,20,2013,124456991.40830001,1258791243,98.87023928740503
4,21,2013,124456991.40830001,1258791243,98.87023928740503
4,22,2013,124456991.40830001,1258791243,98.87023928740503
4,23,2013,124468241.60841002,1258791243,98.8791765914835
4,24,2013,127887905.85243,1258791243,101.5958019755862
4,25,2013,127893801.99359001,1258791243,101.60048594617528
4,26,2013,127924542.32776001,1258791243,101.62490646414516
4,27,2013,127924542.32776001,1258791243,101.62490646414516
4,28,2013,133080195.09113002,1258791243,105.72062351972528
4,29,2013,133585770.21866001,1258791243,106.12225892221274
4,30,2013,149414275.30327,1258791243,118.69662752592727
5,1,2013,149424584.71914002,1258791243,118.70481745887076
5,2,2013,162891664.06116,1258791243,129.40323899374314
5,3,2013,162891664.06116,1258791243,129.40323899374314
5,4,2013,162891664.06116,1258791243,129.40323899374314
5,5,2013,162891664.06116,1258791243,129.40323899374314
5,6,2013,162891664.06116,1258791243,129.40323899374314
5,7,2013,162891664.06116,1258791243,129.40323899374314
5,8,2013,163080852.0401,1258791243,129.55353236446055
5,9,2013,163202020.23428002,1258791243,129.64978994080914
5,10,2013,194690385.44063002,1258791243,154.6645534144616
5,11,2013,202353380.33704,1258791243,160.75213540156477
5,12,2013,202429861.32500002,1258791243,160.81289288489276
5,13,2013,202429861.32500002,1258791243,160.81289288489276
5,14,2013,202429861.32500002,1258791243,160.81289288489276
5,15,2013,235759791.08990002,1258791243,187.2906189973392
5,16,2013,235759791.08990002,1258791243,187.2906189973392
5,17,2013,235759791.08990002,1258791243,187.2906189973392
5,18,2013,235759791.08990002,1258791243,187.2906189973392
5,19,2013,235759791.08990002,1258791243,187.2906189973392
5,20,2013,235759791.08990002,1258791243,187.2906189973392
5,21,2013,235759791.08990002,1258791243,187.2906189973392
5,22,2013,235759791.08990002,1258791243,187.2906189973392
5,23,2013,235759791.08990002,1258791243,187.2906189973392
5,24,2013,260503996.48739,1258791243,206.94773492906322
5,25,2013,265902713.97455,1258791243,211.23654573640056
5,26,2013,276914212.01368004,1258791243,219.98422181085988
5,27,2013,277514694.83515,1258791243,220.4612531095833
5,28,2013,277514694.83515,1258791243,220.4612531095833
5,29,2013,279967335.35403,1258791243,222.40966237324707
5,30,2013,279967335.35403,1258791243,222.40966237324707
5,31,2013,279967335.35403,1258791243,222.40966237324707
6,1,2013,279967335.35403,1258791243,222.40966237324707
6,2,2013,301706365.9027,1258791243,239.67942864272055
6,3,2013,301706365.9027,1258791243,239.67942864272055
6,4,2013,301706365.9027,1258791243,239.67942864272055
6,5,2013,301706365.9027,1258791243,239.67942864272055
6,6,2013,301718206.44258,1258791243,239.6888349203268
6,7,2013,321870509.09825003,1258791243,255.6980840851385
6,8,2013,321870509.09825003,1258791243,255.6980840851385
6,9,2013,323097963.81708,1258791243,256.67318994614266
6,10,2013,326434291.10421,1258791243,259.3236113767675
6,11,2013,331308991.88893,1258791243,263.19613655663954
6,12,2013,331725757.20583004,1258791243,263.5272203000462
6,13,2013,344968409.57537,1258791243,274.04735415320175
6,14,2013,359145679.57692003,1258791243,285.30996030842266
6,15,2013,372258295.72456,1258791243,295.72679170962425
6,16,2013,372258295.72456,1258791243,295.72679170962425
6,17,2013,372258295.72456,1258791243,295.72679170962425
6,18,2013,372296070.89439,1258791243,295.7568007917815
6,19,2013,372296070.89439,1258791243,295.7568007917815
6,20,2013,372296070.89439,1258791243,295.7568007917815
6,21,2013,372296070.89439,1258791243,295.7568007917815
6,22,2013,372296070.89439,1258791243,295.7568007917815
6,23,2013,372296070.89439,1258791243,295.7568007917815
6,24,2013,372296070.89439,1258791243,295.7568007917815
6,25,2013,372296070.89439,1258791243,295.7568007917815
6,26,2013,372296070.89439,1258791243,295.7568007917815
6,27,2013,372296070.89439,1258791243,295.7568007917815
6,28,2013,372296070.89439,1258791243,295.7568007917815
6,29,2013,372504413.86727,1258791243,295.92231113675615
6,30,2013,380032995.62481004,1258791243,301.90311359260863
7,1,2013,380157784.7802,1258791243,302.00224770724753
7,2,2013,380186694.72658,1258791243,302.0252141415477
7,3,2013,380186694.72658,1258791243,302.0252141415477
7,4,2013,380188594.88289005,1258791243,302.02672365022966
7,5,2013,380211314.00570005,1258791243,302.04477201443325
7,6,2013,380211314.00570005,1258791243,302.04477201443325
7,7,2013,380216971.01529,1258791243,302.04926601581866
7,8,2013,380876071.65692,1258791243,302.5728640669611
7,9,2013,383620505.13151,1258791243,304.75307741834206
7,10,2013,383624306.74816,1258791243,304.75609747164407
7,11,2013,383624306.74816,1258791243,304.75609747164407
7,12,2013,383624306.74816,1258791243,304.75609747164407
7,13,2013,383638639.10685,1258791243,304.76748328225386
7,14,2013,383706493.48115003,1258791243,304.8213876724197
7,15,2013,387162411.25026,1258791243,307.5668133244712
7,16,2013,393181439.08787,1258791243,312.34840667529966
7,17,2013,404101304.41401005,1258791243,321.02328854063217
7,18,2013,413242626.21241003,1258791243,328.285272486925
7,19,2013,413266562.28455,1258791243,328.30428761137324
7,20,2013,413351797.19821,1258791243,328.3719993261901
7,21,2013,414608536.64477,1258791243,329.370369352633
7,22,2013,414965492.75989,1258791243,329.6539398946947
7,23,2013,414965492.75989,1258791243,329.6539398946947
7,24,2013,414965492.75989,1258791243,329.6539398946947
7,25,2013,414965492.75989,1258791243,329.6539398946947
7,26,2013,414999674.26893,1258791243,329.68109412636744
7,27,2013,422561248.30192,1258791243,335.6881060713893
7,28,2013,422588820.16779,1258791243,335.7100095172731
7,29,2013,422590720.3241,1258791243,335.711519025955
7,30,2013,422590720.3241,1258791243,335.711519025955
7,31,2013,422590720.3241,1258791243,335.711519025955
8,1,2013,422590720.3241,1258791243,335.711519025955
8,2,2013,422590720.3241,1258791243,335.711519025955
8,3,2013,422590720.3241,1258791243,335.711519025955
8,4,2013,422590720.3241,1258791243,335.711519025955
8,5,2013,422590720.3241,1258791243,335.711519025955
8,6,2013,422590720.3241,1258791243,335.711519025955
8,7,2013,422590720.3241,1258791243,335.711519025955
8,8,2013,422590720.3241,1258791243,335.711519025955
8,9,2013,422607762.24983,1258791243,335.7250573515707
8,10,2013,422659703.95567,1258791243,335.7663205126619
8,11,2013,423214121.19921005,1258791243,336.2067567220994
8,12,2013,423232461.58202004,1258791243,336.22132655876766
8,13,2013,423234365.14134,1258791243,336.2228387708446
8,14,2013,423248760.76934004,1258791243,336.2342748434103
8,15,2013,423277752.15320003,1258791243,336.257305972695
8,16,2013,423847643.29091,1258791243,336.7100348432516
8,17,2013,423849540.5698,1258791243,336.71154206607395
8,18,2013,423849540.5698,1258791243,336.71154206607395
8,19,2013,423849540.5698,1258791243,336.71154206607395
8,20,2013,423849540.5698,1258791243,336.71154206607395
8,21,2013,424048369.67576003,1258791243,336.86949447245246
8,22,2013,427859054.39577,1258791243,339.89675156627226
8,23,2013,427874094.83839,1258791243,339.9086998878892
8,24,2013,428403487.27342004,1258791243,340.32925606666305
8,25,2013,429460755.50801003,1258791243,341.16916358943087
8,26,2013,432046812.02495,1258791243,343.2235602428242
8,27,2013,436281984.77459,1258791243,346.58803610265505
8,28,2013,436281984.77459,1258791243,346.58803610265505
8,29,2013,436281984.77459,1258791243,346.58803610265505
8,30,2013,436281984.77459,1258791243,346.58803610265505
8,31,2013,436281984.77459,1258791243,346.58803610265505
9,1,2013,436281984.77459,1258791243,346.58803610265505
9,2,2013,445184828.91172004,1258791243,353.6605703188229
9,3,2013,445298586.16286004,1258791243,353.75094054643023
9,4,2013,450162218.81767005,1258791243,357.6146730611392
9,5,2013,450199789.14579004,1258791243,357.64451941439984
9,6,2013,450847766.82733,1258791243,358.1592812425769
9,7,2013,453514418.09502,1258791243,360.27770340552013
9,8,2013,463296764.6084,1258791243,368.0489256536717
9,9,2013,466163756.62318003,1258791243,370.32650109020506
9,10,2013,472977222.87728,1258791243,375.7392065661836
9,11,2013,473916215.7209,1258791243,376.4851545927858
9,12,2013,473989121.85541004,1258791243,376.5430721664228
9,13,2013,473989121.85541004,1258791243,376.5430721664228
9,14,2013,473991258.06364,1258791243,376.5447691977946
9,15,2013,474059371.27571005,1258791243,376.59887921202363
9,16,2013,484452654.28673,1258791243,384.85543729408516
9,17,2013,484612618.70789003,1258791243,384.98251509356106
9,18,2013,491135609.03642,1258791243,390.16446274755344
9,19,2013,494836864.68534,1258791243,393.1047879758248
9,20,2013,529949057.0129,1258791243,420.9983664566214
9,21,2013,531235950.56952,1258791243,422.0206912970398
9,22,2013,531237845.59317005,1258791243,422.0221967282704
9,23,2013,531237845.59317005,1258791243,422.0221967282704
9,24,2013,531237845.59317005,1258791243,422.0221967282704
9,25,2013,531237845.59317005,1258791243,422.0221967282704
9,26,2013,531237845.59317005,1258791243,422.0221967282704
9,27,2013,531913383.76664,1258791243,422.5588529667266
9,28,2013,540988988.38452,1258791243,429.7686303371591
9,29,2013,556278953.11137,1258791243,441.9151755342883
9,30,2013,556278953.11137,1258791243,441.9151755342883
10,1,2013,556278953.11137,1258791243,441.9151755342883
10,2,2013,556377833.84568,1258791243,441.99372766504064
10,3,2013,556377833.84568,1258791243,441.99372766504064
10,4,2013,556377833.84568,1258791243,441.99372766504064
10,5,2013,556377833.84568,1258791243,441.99372766504064
10,6,2013,560447358.08701,1258791243,445.2266102132473
10,7,2013,560447358.08701,1258791243,445.2266102132473
10,8,2013,560447358.08701,1258791243,445.2266102132473
10,9,2013,560447358.08701,1258791243,445.2266102132473
10,10,2013,560447358.08701,1258791243,445.2266102132473
10,11,2013,560447358.08701,1258791243,445.2266102132473
10,12,2013,560934485.01213,1258791243,445.6135901257855
10,13,2013,589619883.2735701,1258791243,468.4016405042389
10,14,2013,593211773.32578,1258791243,471.25508429182804
10,15,2013,593218352.2836,1258791243,471.26031070077914
10,16,2013,613370155.92821,1258791243,487.2691634447683
10,17,2013,613370155.92821,1258791243,487.2691634447683
10,18,2013,613370155.92821,1258791243,487.2691634447683
10,19,2013,613494133.24473,1258791243,487.3676526241373
10,20,2013,613494133.24473,1258791243,487.3676526241373
10,21,2013,614269781.53633,1258791243,487.98383763170966
10,22,2013,614686280.7449601,1258791243,488.3147099752743
10,23,2013,614686280.7449601,1258791243,488.3147099752743
10,24,2013,614686280.7449601,1258791243,488.3147099752743
10,25,2013,614686280.7449601,1258791243,488.3147099752743
10,26,2013,615286715.68747,1258791243,488.7917032383343
10,27,2013,615286715.68747,1258791243,488.7917032383343
10,28,2013,615286715.68747,1258791243,488.7917032383343
10,29,2013,615286715.68747,1258791243,488.7917032383343
10,30,2013,617148185.13445,1258791243,490.2704785772409
10,31,2013,626783666.88089,1258791243,497.9250295601953
11,1,2013,626783666.88089,1258791243,497.9250295601953
11,2,2013,626783666.88089,1258791243,497.9250295601953
11,3,2013,626783666.88089,1258791243,497.9250295601953
11,4,2013,631127302.47299,1258791243,501.37566970108804
11,5,2013,631408513.60263,1258791243,501.5990674496852
11,6,2013,640677422.34788,1258791243,508.96240811224015
11,7,2013,640677422.34788,1258791243,508.96240811224015
11,8,2013,641319750.91511,1258791243,509.47268221114405
11,9,2013,642585327.98895,1258791243,510.47807296269065
11,10,2013,642585327.98895,1258791243,510.47807296269065
11,11,2013,642585327.98895,1258791243,510.47807296269065
11,12,2013,642588498.21094,1258791243,510.4805914279307
11,13,2013,642588498.21094,1258791243,510.4805914279307
11,14,2013,642588498.21094,1258791243,510.4805914279307
11,15,2013,643022792.20891,1258791243,510.8256001816737
11,16,2013,643022792.20891,1258791243,510.8256001816737
11,17,2013,643022792.20891,1258791243,510.8256001816737
11,18,2013,643024693.93731,1258791243,510.82711093924416
11,19,2013,647198266.09712,1258791243,514.1426504959569
11,20,2013,647198266.09712,1258791243,514.1426504959569
11,21,2013,647221926.93224,1258791243,514.1614469685661
11,22,2013,654520297.41747,1258791243,519.9593666203078
11,23,2013,654567382.50467,1258791243,519.996771620908
11,24,2013,662308835.76132,1258791243,526.1466819413837
11,25,2013,692141515.19576,1258791243,549.8461472819127
11,26,2013,693426338.80072,1258791243,550.866827726033
11,27,2013,693426338.80072,1258791243,550.866827726033
11,28,2013,693426338.80072,1258791243,550.866827726033
11,29,2013,693426338.80072,1258791243,550.866827726033
11,30,2013,693426338.80072,1258791243,550.866827726033
12,1,2013,693426338.80072,1258791243,550.866827726033
12,2,2013,693426338.80072,1258791243,550.866827726033
12,3,2013,693426338.80072,1258791243,550.866827726033
12,4,2013,693426338.80072,1258791243,550.866827726033
12,5,2013,693429570.17432,1258791243,550.8693947709008
12,6,2013,693432007.98632,1258791243,550.8713314001978
12,7,2013,693432007.98632,1258791243,550.8713314001978
12,8,2013,693432007.98632,1258791243,550.8713314001978
12,9,2013,693715007.61298,1258791243,551.0961499538967
12,10,2013,693715007.61298,1258791243,551.0961499538967
12,11,2013,693715007.61298,1258791243,551.0961499538967
12,12,2013,693715007.61298,1258791243,551.0961499538967
12,13,2013,696748993.60281,1258791243,553.506387558187
12,14,2013,696748993.60281,1258791243,553.506387558187
12,15,2013,696748993.60281,1258791243,553.506387558187
12,16,2013,696748993.60281,1258791243,553.506387558187
12,17,2013,696748993.60281,1258791243,553.506387558187
12,18,2013,696748993.60281,1258791243,553.506387558187
12,19,2013,696748993.60281,1258791243,553.506387558187
12,20,2013,696748993.60281,1258791243,553.506387558187
12,21,2013,711210027.07423,1258791243,564.9944190740052
12,22,2013,711210027.07423,1258791243,564.9944190740052
12,23,2013,711210027.07423,1258791243,564.9944190740052
12,24,2013,711210027.07423,1258791243,564.9944190740052
12,25,2013,711210027.07423,1258791243,564.9944190740052
12,26,2013,712159034.1208,1258791243,565.7483225125995
12,27,2013,722421809.03151,1258791243,573.9012032764117
12,28,2013,723317505.80871,1258791243,574.6127563493941
12,29,2013,723317659.69647,1258791243,574.6128785998155
12,30,2013,723319423.63098,1258791243,574.6142798921426
12,31,2013,723338754.68454,1258791243,574.6296367304329
1,1,2014,0,1258791243,0
1,2,2014,0,1258791243,0
1,3,2014,0,1258791243,0
1,4,2014,0,1258791243,0
1,5,2014,0,1258791243,0
1,6,2014,0,1258791243,0
1,7,2014,0,1258791243,0
1,8,2014,71159.05006000001,1258791243,0.05652966721504275
1,9,2014,89200.08205,1258791243,0.07086169573075113
1,10,2014,92993.60802,1258791243,0.07387532169224027
1,11,2014,92993.60802,1258791243,0.07387532169224027
1,12,2014,148443.27369,1258791243,0.11792525131984892
1,13,2014,666610.35032,1258791243,0.5295638605900279
1,14,2014,666610.35032,1258791243,0.5295638605900279
1,15,2014,666610.35032,1258791243,0.5295638605900279
1,16,2014,666610.35032,1258791243,0.5295638605900279
1,17,2014,666610.35032,1258791243,0.5295638605900279
1,18,2014,666610.35032,1258791243,0.5295638605900279
1,19,2014,666610.35032,1258791243,0.5295638605900279
1,20,2014,666610.35032,1258791243,0.5295638605900279
1,21,2014,666610.35032,1258791243,0.5295638605900279
1,22,2014,666610.35032,1258791243,0.5295638605900279
1,23,2014,920426.9157700001,1258791243,0.7311990140449365
1,24,2014,1118453.43045,1258791243,0.8885138315583277
1,25,2014,1118453.43045,1258791243,0.8885138315583277
1,26,2014,1137808.2597100001,1258791243,0.9038895575713821
1,27,2014,1192057.33048,1258791243,0.9469857191245173
1,28,2014,3660936.08516,1258791243,2.908294846757207
1,29,2014,3726288.07704,1258791243,2.9602113120515248
1,30,2014,3726288.07704,1258791243,2.9602113120515248
1,31,2014,3726288.07704,1258791243,2.9602113120515248
2,1,2014,3726288.07704,1258791243,2.9602113120515248
2,2,2014,3739175.1944,1258791243,2.9704490043072216
2,3,2014,3739175.1944,1258791243,2.9704490043072216
2,4,2014,5183070.18549,1258791243,4.117497809356782
2,5,2014,5183070.18549,1258791243,4.117497809356782
2,6,2014,5222899.772489999,1258791243,4.149138947012836
2,7,2014,5222954.88105,1258791243,4.14918272596372
2,8,2014,5222954.88105,1258791243,4.14918272596372
2,9,2014,5222954.88105,1258791243,4.14918272596372
2,10,2014,5222954.88105,1258791243,4.14918272596372
2,11,2014,6194387.7733,1258791243,4.920901545626656
2,12,2014,6194387.7733,1258791243,4.920901545626656
2,13,2014,6194387.7733,1258791243,4.920901545626656
2,14,2014,6194387.7733,1258791243,4.920901545626656
2,15,2014,6194387.7733,1258791243,4.920901545626656
2,16,2014,6194387.7733,1258791243,4.920901545626656
2,17,2014,6234841.35241,1258791243,4.953038390663479
2,18,2014,6234841.35241,1258791243,4.953038390663479
2,19,2014,6238494.014909999,1258791243,4.9559401128674665
2,20,2014,6238494.014909999,1258791243,4.9559401128674665
2,21,2014,6238494.014909999,1258791243,4.9559401128674665
2,22,2014,6238494.014909999,1258791243,4.9559401128674665
2,23,2014,6238494.014909999,1258791243,4.9559401128674665
2,24,2014,6238494.014909999,1258791243,4.9559401128674665
2,25,2014,6255479.29099,1258791243,4.969433435270569
2,26,2014,20212249.39437,1258791243,16.056871627259962
2,27,2014,20213332.408250004,1258791243,16.05773198745553
2,28,2014,20213332.408250004,1258791243,16.05773198745553
3,1,2014,20216267.28643,1258791243,16.06006349253734
3,2,2014,20938647.539290003,1258791243,16.633931683055092
3,3,2014,20940114.978380002,1258791243,16.635097435596002
3,4,2014,23719571.884310003,1258791243,18.843133852584327
3,5,2014,23719571.884310003,1258791243,18.843133852584327
3,6,2014,23719571.884310003,1258791243,18.843133852584327
3,7,2014,24026712.57845,1258791243,19.08713038167362
3,8,2014,24860300.6136,1258791243,19.74934346885983
3,9,2014,28550544.251040004,1258791243,22.680920613172713
3,10,2014,36419481.342130005,1258791243,28.93210573608193
3,11,2014,36740076.30653,1258791243,29.18679051100612
3,12,2014,36740076.30653,1258791243,29.18679051100612
3,13,2014,36740076.30653,1258791243,29.18679051100612
3,14,2014,36740076.30653,1258791243,29.18679051100612
3,15,2014,37075082.54252,1258791243,29.452923785965677
3,16,2014,37925580.917330004,1258791243,30.128570665096376
3,17,2014,37925580.917330004,1258791243,30.128570665096376
3,18,2014,37925580.917330004,1258791243,30.128570665096376
3,19,2014,37925580.917330004,1258791243,30.128570665096376
3,20,2014,37925580.917330004,1258791243,30.128570665096376
3,21,2014,37925580.917330004,1258791243,30.128570665096376
3,22,2014,37994705.07759,1258791243,30.1834837896072
3,23,2014,38025134.85874,1258791243,30.207657600252308
3,24,2014,40555449.790740006,1258791243,32.2177724195846
3,25,2014,40555449.790740006,1258791243,32.2177724195846
3,26,2014,45241379.047570005,1258791243,35.940335062825035
3,27,2014,46435199.29415,1258791243,36.888721265238424
3,28,2014,46435199.29415,1258791243,36.888721265238424
3,29,2014,46435199.29415,1258791243,36.888721265238424
3,30,2014,46435199.29415,1258791243,36.888721265238424
3,31,2014,46435199.29415,1258791243,36.888721265238424
4,1,2014,46435199.29415,1258791243,36.888721265238424
4,2,2014,46435199.29415,1258791243,36.888721265238424
4,3,2014,46435199.29415,1258791243,36.888721265238424
4,4,2014,47049202.35174,1258791243,37.376493213926814
4,5,2014,47116601.39995,1258791243,37.43003588717371
4,6,2014,47469302.04981,1258791243,37.710225832743575
4,7,2014,53829603.77595,1258791243,42.76293156255298
4,8,2014,53849875.05026,1258791243,42.77903532433455
4,9,2014,53849875.05026,1258791243,42.77903532433455
4,10,2014,53849875.05026,1258791243,42.77903532433455
4,11,2014,53849875.05026,1258791243,42.77903532433455
4,12,2014,53849875.05026,1258791243,42.77903532433455
4,13,2014,53912338.52942,1258791243,42.82865711786653
4,14,2014,60450550.382910006,1258791243,48.02269694762248
4,15,2014,60450550.382910006,1258791243,48.02269694762248
4,16,2014,60450550.382910006,1258791243,48.02269694762248
4,17,2014,60557953.01556,1258791243,48.10801898433607
4,18,2014,60557953.01556,1258791243,48.10801898433607
4,19,2014,60557953.01556,1258791243,48.10801898433607
4,20,2014,62555830.43013,1258791243,49.695158572158896
4,21,2014,62567490.92196,1258791243,49.70442181727189
4,22,2014,62791983.14297,1258791243,49.88276133326263
4,23,2014,62791983.14297,1258791243,49.88276133326263
4,24,2014,62791983.14297,1258791243,49.88276133326263
4,25,2014,62791983.14297,1258791243,49.88276133326263
4,26,2014,62791983.14297,1258791243,49.88276133326263
4,27,2014,62791983.14297,1258791243,49.88276133326263
4,28,2014,62791983.14297,1258791243,49.88276133326263
4,29,2014,62791983.14297,1258791243,49.88276133326263
4,30,2014,62791983.14297,1258791243,49.88276133326263
5,1,2014,62791983.14297,1258791243,49.88276133326263
5,2,2014,62791983.14297,1258791243,49.88276133326263
5,3,2014,62791983.14297,1258791243,49.88276133326263
5,4,2014,62793878.16662,1258791243,49.88426676449321
5,5,2014,62793878.16662,1258791243,49.88426676449321
5,6,2014,62793878.16662,1258791243,49.88426676449321
5,7,2014,62793878.16662,1258791243,49.88426676449321
5,8,2014,62906369.84634,1258791243,49.97363160584046
5,9,2014,74823110.24711001,1258791243,59.44044388868537
5,10,2014,74823110.24711001,1258791243,59.44044388868537
5,11,2014,74823110.24711001,1258791243,59.44044388868537
5,12,2014,74964506.01242,1258791243,59.55277050844562
5,13,2014,136037737.23066002,1258791243,108.07013314332377
5,14,2014,139248175.16917002,1258791243,110.62054645161686
5,15,2014,139248175.16917002,1258791243,110.62054645161686
5,16,2014,139248175.16917002,1258791243,110.62054645161686
5,17,2014,139248175.16917002,1258791243,110.62054645161686
5,18,2014,139248175.16917002,1258791243,110.62054645161686
5,19,2014,139248175.16917002,1258791243,110.62054645161686
5,20,2014,139248175.16917002,1258791243,110.62054645161686
5,21,2014,139248557.08317003,1258791243,110.6208498490246
5,22,2014,139273746.54618,1258791243,110.64086068334684
5,23,2014,148014130.57434002,1258791243,117.58433449345183
5,24,2014,148892421.25339,1258791243,118.28205993755076
5,25,2014,161406676.41235003,1258791243,128.2235456513658
5,26,2014,349401659.65095997,1258791243,277.56918519567427
5,27,2014,351399003.60131997,1258791243,279.15590099264773
5,28,2014,353333101.94690996,1258791243,280.69237366541637
5,29,2014,353333101.94690996,1258791243,280.69237366541637
5,30,2014,353333101.94690996,1258791243,280.69237366541637
5,31,2014,353414214.28539,1258791243,280.75681035333514
6,1,2014,353414214.28539,1258791243,280.75681035333514
6,2,2014,353414214.28539,1258791243,280.75681035333514
6,3,2014,353414214.28539,1258791243,280.75681035333514
6,4,2014,353414214.28539,1258791243,280.75681035333514
6,5,2014,353414214.28539,1258791243,280.75681035333514
6,6,2014,353414214.28539,1258791243,280.75681035333514
6,7,2014,353414214.28539,1258791243,280.75681035333514
6,8,2014,356674203.38148,1258791243,283.346587740347
6,9,2014,360326623.61443996,1258791243,286.24811748427453
6,10,2014,360326623.61443996,1258791243,286.24811748427453
6,11,2014,360326623.61443996,1258791243,286.24811748427453
6,12,2014,361593953.10210997,1258791243,287.25490037597126
6,13,2014,369824991.46246,1258791243,293.7937434177559
6,14,2014,381548392.95701,1258791243,303.1069647797113
6,15,2014,381548392.95701,1258791243,303.1069647797113
6,16,2014,381558732.79712,1258791243,303.1151788820634
6,17,2014,382141273.85656,1258791243,303.57795701360783
6,18,2014,382400901.3779,1258791243,303.78420846537455
6,19,2014,410372643.00387,1258791243,326.0053208074867
6,20,2014,412341341.17623997,1258791243,327.5692800289364
6,21,2014,412470140.91752,1258791243,327.671600204737
6,22,2014,412575268.8339,1258791243,327.7551151775052
6,23,2014,413019093.42055,1258791243,328.1076951538262
6,24,2014,413539454.74553,1258791243,328.52107690228826
6,25,2014,422578266.80603,1258791243,335.701625790568
6,26,2014,426279053.27200997,1258791243,338.6415782938601
6,27,2014,426327011.39285,1258791243,338.6796768436448
6,28,2014,426330805.72416997,1258791243,338.6826911093867
6,29,2014,426330805.72416997,1258791243,338.6826911093867
6,30,2014,426330805.72416997,1258791243,338.6826911093867
7,1,2014,426330805.72416997,1258791243,338.6826911093867
7,2,2014,426478447.23836,1258791243,338.7999794326183
7,3,2014,426478447.23836,1258791243,338.7999794326183
7,4,2014,426478447.23836,1258791243,338.7999794326183
7,5,2014,426634145.74024,1258791243,338.92366833079404
7,6,2014,429103023.33928,1258791243,340.88497654037144
7,7,2014,429103023.33928,1258791243,340.88497654037144
7,8,2014,429667003.7632,1258791243,341.3330098636538
7,9,2014,434633191.1962,1258791243,345.27821321696314
7,10,2014,434831611.91213,1258791243,345.4358411930341
7,11,2014,436249236.92819,1258791243,346.56202079107567
7,12,2014,436249236.92819,1258791243,346.56202079107567
7,13,2014,436249236.92819,1258791243,346.56202079107567
7,14,2014,436249236.92819,1258791243,346.56202079107567
7,15,2014,446831851.00568,1258791243,354.9689859144341
7,16,2014,446908875.31237,1258791243,355.0301750171692
7,17,2014,451050664.29288,1258791243,358.32046560628953
7,18,2014,488262354.59452,1258791243,387.8819123581399
7,19,2014,488262354.59452,1258791243,387.8819123581399
7,20,2014,488262354.59452,1258791243,387.8819123581399
7,21,2014,488262354.59452,1258791243,387.8819123581399
7,22,2014,488262354.59452,1258791243,387.8819123581399
7,23,2014,488277747.01244,1258791243,387.8941402934752
7,24,2014,490092516.94513,1258791243,389.33581693587456
7,25,2014,490114175.87834,1258791243,389.35302307178506
7,26,2014,490114175.87834,1258791243,389.35302307178506
7,27,2014,490114175.87834,1258791243,389.35302307178506
7,28,2014,490114175.87834,1258791243,389.35302307178506
7,29,2014,490114175.87834,1258791243,389.35302307178506
7,30,2014,490114175.87834,1258791243,389.35302307178506
7,31,2014,493387356.04365,1258791243,391.95327961433077
8,1,2014,493574036.43885,1258791243,392.1015809281809
8,2,2014,493574036.43885,1258791243,392.1015809281809
8,3,2014,493574036.43885,1258791243,392.1015809281809
8,4,2014,493574036.43885,1258791243,392.1015809281809
8,5,2014,493574036.43885,1258791243,392.1015809281809
8,6,2014,493574036.43885,1258791243,392.1015809281809
8,7,2014,493603713.34815997,1258791243,392.1251566477254
8,8,2014,493603713.34815997,1258791243,392.1251566477254
8,9,2014,493696025.09587,1258791243,392.1984902907924
8,10,2014,493696025.09587,1258791243,392.1984902907924
8,11,2014,494665578.19676,1258791243,392.9687157799524
8,12,2014,508988015.60237,1258791243,404.34664479340523
8,13,2014,509415682.5483,1258791243,404.68638893152837
8,14,2014,509415682.5483,1258791243,404.68638893152837
8,15,2014,509415682.5483,1258791243,404.68638893152837
8,16,2014,509415682.5483,1258791243,404.68638893152837
8,17,2014,509500600.92079,1258791243,404.75384918195687
8,18,2014,509500600.92079,1258791243,404.75384918195687
8,19,2014,621709333.35983,1258791243,493.8939135596052
8,20,2014,621712304.9419299,1258791243,493.89627422275447
8,21,2014,621749592.243,1258791243,493.925895735676
8,22,2014,621749592.243,1258791243,493.925895735676
8,23,2014,621749592.243,1258791243,493.925895735676
8,24,2014,621749592.243,1258791243,493.925895735676
8,25,2014,621749592.243,1258791243,493.925895735676
8,26,2014,621757218.75069,1258791243,493.93195433175566
8,27,2014,622609683.8201,1258791243,494.6091635784441
8,28,2014,622609683.8201,1258791243,494.6091635784441
8,29,2014,623241929.47608,1258791243,495.11142768259623
8,30,2014,623241929.47608,1258791243,495.11142768259623
8,31,2014,623241929.47608,1258791243,495.11142768259623
9,1,2014,623241929.47608,1258791243,495.11142768259623
9,2,2014,623241929.47608,1258791243,495.11142768259623
9,3,2014,629716370.89692,1258791243,500.25480745811
9,4,2014,635781121.80532,1258791243,505.0727238061348
9,5,2014,637048847.83156,1258791243,506.0798217131862
9,6,2014,637061511.21499,1258791243,506.08988166832205
9,7,2014,667222192.26374,1258791243,530.0499157219987
9,8,2014,668455934.12585,1258791243,531.0300161707195
9,9,2014,668473095.6787599,1258791243,531.0436495297099
9,10,2014,668473095.6787599,1258791243,531.0436495297099
9,11,2014,668473095.6787599,1258791243,531.0436495297099
9,12,2014,673206962.24017,1258791243,534.8042941860297
9,13,2014,677468640.93727,1258791243,538.1898267124106
9,14,2014,677619242.65898,1258791243,538.3094666626785
9,15,2014,678031691.25672,1258791243,538.637121148705
9,16,2014,678116425.69688,1258791243,538.7044352809181
9,17,2014,684794577.91479,1258791243,544.0096455411948
9,18,2014,685848543.10682,1258791243,544.8469290843486
9,19,2014,686702557.94073,1258791243,545.5253694839455
9,20,2014,687938725.39856,1258791243,546.5073968571928
9,21,2014,688451274.13993,1258791243,546.9145721884641
9,22,2014,688451274.13993,1258791243,546.9145721884641
9,23,2014,688451274.13993,1258791243,546.9145721884641
9,24,2014,688451274.13993,1258791243,546.9145721884641
9,25,2014,688451274.13993,1258791243,546.9145721884641
9,26,2014,696941200.19179,1258791243,553.6590789516558
9,27,2014,725970282.46996,1258791243,576.7201563460193
9,28,2014,725970282.46996,1258791243,576.7201563460193
9,29,2014,725970282.46996,1258791243,576.7201563460193
9,30,2014,725970282.46996,1258791243,576.7201563460193
10,1,2014,725970282.46996,1258791243,576.7201563460193
10,2,2014,725970282.46996,1258791243,576.7201563460193
10,3,2014,725973452.8270199,1258791243,576.7226749185606
10,4,2014,725973452.8270199,1258791243,576.7226749185606
10,5,2014,725973452.8270199,1258791243,576.7226749185606
10,6,2014,725973452.8270199,1258791243,576.7226749185606
10,7,2014,725973452.8270199,1258791243,576.7226749185606
10,8,2014,725973452.8270199,1258791243,576.7226749185606
10,9,2014,725973452.8270199,1258791243,576.7226749185606
10,10,2014,725973452.8270199,1258791243,576.7226749185606
10,11,2014,734945110.14745,1258791243,583.8498752151312
10,12,2014,735125881.20489,1258791243,583.9934820748431
10,13,2014,735440095.82669,1258791243,584.2430982233087
10,14,2014,735440095.82669,1258791243,584.2430982233087
10,15,2014,735440095.82669,1258791243,584.2430982233087
10,16,2014,735440095.82669,1258791243,584.2430982233087
10,17,2014,735440095.82669,1258791243,584.2430982233087
10,18,2014,735440095.82669,1258791243,584.2430982233087
10,19,2014,735505366.92117,1258791243,584.2949504226651
10,20,2014,735505366.92117,1258791243,584.2949504226651
10,21,2014,735505366.92117,1258791243,584.2949504226651
10,22,2014,735609895.11579,1258791243,584.3779889687316
10,23,2014,740413505.03596,1258791243,588.1940386488374
10,24,2014,740413505.03596,1258791243,588.1940386488374
10,25,2014,740413505.03596,1258791243,588.1940386488374
10,26,2014,740413505.03596,1258791243,588.1940386488374
10,27,2014,740413505.03596,1258791243,588.1940386488374
10,28,2014,740413505.03596,1258791243,588.1940386488374
10,29,2014,741004364.56129,1258791243,588.6634250769807
10,30,2014,741019204.48173,1258791243,588.6752141011915
10,31,2014,763825914.37091,1258791243,606.7931586102637
11,1,2014,763825914.37091,1258791243,606.7931586102637
11,2,2014,763825914.37091,1258791243,606.7931586102637
11,3,2014,763825914.37091,1258791243,606.7931586102637
11,4,2014,764044575.67618,1258791243,606.9668659715803
11,5,2014,830671250.34815,1258791243,659.895955717377
11,6,2014,839681569.5965201,1258791243,667.0538695481854
11,7,2014,839837790.22444,1258791243,667.177973230022
11,8,2014,840219651.08743,1258791243,667.4813284250263
11,9,2014,840219651.08743,1258791243,667.4813284250263
11,10,2014,840219651.08743,1258791243,667.4813284250263
11,11,2014,840219651.08743,1258791243,667.4813284250263
11,12,2014,840219651.08743,1258791243,667.4813284250263
11,13,2014,840219651.08743,1258791243,667.4813284250263
11,14,2014,840219651.08743,1258791243,667.4813284250263
11,15,2014,840219651.08743,1258791243,667.4813284250263
11,16,2014,840331069.02008,1258791243,667.5698402678513
11,17,2014,840461143.77958,1258791243,667.6731733345717
11,18,2014,840461143.77958,1258791243,667.6731733345717
11,19,2014,840461143.77958,1258791243,667.6731733345717
11,20,2014,840461143.77958,1258791243,667.6731733345717
11,21,2014,840566006.92219,1258791243,667.7564779676418
11,22,2014,847854242.36004,1258791243,673.5463462070176
11,23,2014,854613359.70472,1258791243,678.9158762083317
11,24,2014,854613359.70472,1258791243,678.9158762083317
11,25,2014,854613359.70472,1258791243,678.9158762083317
11,26,2014,854613359.70472,1258791243,678.9158762083317
11,27,2014,854613359.70472,1258791243,678.9158762083317
11,28,2014,854613359.70472,1258791243,678.9158762083317
11,29,2014,854613359.70472,1258791243,678.9158762083317
11,30,2014,854613359.70472,1258791243,678.9158762083317
12,1,2014,854613359.70472,1258791243,678.9158762083317
12,2,2014,854613359.70472,1258791243,678.9158762083317
12,3,2014,854613359.70472,1258791243,678.9158762083317
12,4,2014,854615974.23248,1258791243,678.9179532229078
12,5,2014,854697509.40231,1258791243,678.9827258135049
12,6,2014,854697509.40231,1258791243,678.9827258135049
12,7,2014,854697509.40231,1258791243,678.9827258135049
12,8,2014,854698446.59779,1258791243,678.9834703336827
12,9,2014,854698446.59779,1258791243,678.9834703336827
12,10,2014,854780130.06157,1258791243,679.0483607309063
12,11,2014,855447099.88969,1258791243,679.5782101652975
12,12,2014,855604180.07487,1258791243,679.7029966905084
12,13,2014,855604180.07487,1258791243,679.7029966905084
12,14,2014,855605398.98087,1258791243,679.703965005157
12,15,2014,855732810.52935,1258791243,679.8051823826916
12,16,2014,855732810.52935,1258791243,679.8051823826916
12,17,2014,857810182.56844,1258791243,681.4554735255971
12,18,2014,858210318.87695,1258791243,681.773346970249
12,19,2014,859242424.60874,1258791243,682.593265076233
12,20,2014,859242424.60874,1258791243,682.593265076233
12,21,2014,859242424.60874,1258791243,682.593265076233
12,22,2014,859242424.60874,1258791243,682.593265076233
12,23,2014,859934772.32995,1258791243,683.1432750362325
12,24,2014,859934772.32995,1258791243,683.1432750362325
12,25,2014,859934772.32995,1258791243,683.1432750362325
12,26,2014,859934772.32995,1258791243,683.1432750362325
12,27,2014,859970141.69253,1258791243,683.171372914079
12,28,2014,863642704.18326,1258791243,686.0889039273845
12,29,2014,863642704.18326,1258791243,686.0889039273845
12,30,2014,863792855.24722,1258791243,686.208185869323
12,31,2014,864625944.29584,1258791243,686.8700025551735
1,1,2015,16037691.12381,1258791243,12.740548691448119
1,2,2015,18723234.3816,1258791243,14.873978895005706
1,3,2015,28241117.032360002,1258791243,22.435107639496028
1,4,2015,28241117.032360002,1258791243,22.435107639496028
1,5,2015,28241117.032360002,1258791243,22.435107639496028
1,6,2015,28241117.032360002,1258791243,22.435107639496028
1,7,2015,28241117.032360002,1258791243,22.435107639496028
1,8,2015,28391504.43137,1258791243,22.55457732904645
1,9,2015,29490065.14386,1258791243,23.42728812887047
1,10,2015,34065534.953370005,1258791243,27.062100362395043
1,11,2015,36506430.04472,1258791243,29.00117890693016
1,12,2015,36524307.96876,1258791243,29.015381360386538
1,13,2015,36604116.49194,1258791243,29.078782280613623
1,14,2015,36693944.91682,1258791243,29.150143139993226
1,15,2015,37318669.59832,1258791243,29.646432485008955
1,16,2015,37318669.59832,1258791243,29.646432485008955
1,17,2015,37318669.59832,1258791243,29.646432485008955
1,18,2015,37318669.59832,1258791243,29.646432485008955
1,19,2015,37318669.59832,1258791243,29.646432485008955
1,20,2015,37318669.59832,1258791243,29.646432485008955
1,21,2015,37797570.67072,1258791243,30.026877674044957
1,22,2015,77972586.61634,1258791243,61.942428540027585
1,23,2015,86886263.86433,1258791243,69.02356871919389
1,24,2015,86886263.86433,1258791243,69.02356871919389
1,25,2015,86886263.86433,1258791243,69.02356871919389
1,26,2015,86886263.86433,1258791243,69.02356871919389
1,27,2015,86886263.86433,1258791243,69.02356871919389
1,28,2015,86886263.86433,1258791243,69.02356871919389
1,29,2015,86886263.86433,1258791243,69.02356871919389
1,30,2015,86886340.0884,1258791243,69.02362927257828
1,31,2015,96479766.4925,1258791243,76.64477094912553
2,1,2015,97216018.77814,1258791243,77.22965926141258
2,2,2015,97216018.77814,1258791243,77.22965926141258
2,3,2015,107436925.45153,1258791243,85.34927935745895
2,4,2015,108021119.57479,1258791243,85.81337070422407
2,5,2015,108021119.57479,1258791243,85.81337070422407
2,6,2015,108021119.57479,1258791243,85.81337070422407
2,7,2015,108021119.57479,1258791243,85.81337070422407
2,8,2015,108021119.57479,1258791243,85.81337070422407
2,9,2015,108021119.57479,1258791243,85.81337070422407
2,10,2015,108021119.57479,1258791243,85.81337070422407
2,11,2015,108021119.57479,1258791243,85.81337070422407
2,12,2015,108172021.5029,1258791243,85.93324914232821
2,13,2015,108172021.5029,1258791243,85.93324914232821
2,14,2015,108172021.5029,1258791243,85.93324914232821
2,15,2015,108579458.70408,1258791243,86.25692251028791
2,16,2015,109799642.07281,1258791243,87.22625191698287
2,17,2015,115875176.94203,1258791243,92.05273518258022
2,18,2015,115875176.94203,1258791243,92.05273518258022
2,19,2015,115875176.94203,1258791243,92.05273518258022
2,20,2015,115875176.94203,1258791243,92.05273518258022
2,21,2015,116244536.12612,1258791243,92.34615888261308
2,22,2015,116259943.76148,1258791243,92.35839890687896
2,23,2015,116774609.25161,1258791243,92.7672558106682
2,24,2015,116774609.25161,1258791243,92.7672558106682
2,25,2015,116817697.75188,1258791243,92.80148587106116
2,26,2015,116817697.75188,1258791243,92.80148587106116
2,27,2015,116817786.1147,1258791243,92.80155606762511
2,28,2015,120965668.00151,1258791243,96.09668694009972
3,1,2015,123025191.40118,1258791243,97.73279889362878
3,2,2015,123046488.16561,1258791243,97.749717317989
3,3,2015,123196990.17152,1258791243,97.86927805273903
3,4,2015,123778979.99284,1258791243,98.33161827361077
3,5,2015,128066579.96339,1258791243,101.73774299396679
3,6,2015,128066579.96339,1258791243,101.73774299396679
3,7,2015,128446849.75565,1258791243,102.03983422186072
3,8,2015,140732676.6389,1258791243,111.79985356706204
3,9,2015,153481496.49635,1258791243,121.92768050289813
3,10,2015,153481496.49635,1258791243,121.92768050289813
3,11,2015,153481496.49635,1258791243,121.92768050289813
3,12,2015,153481496.49635,1258791243,121.92768050289813
3,13,2015,153481496.49635,1258791243,121.92768050289813
3,14,2015,153481496.49635,1258791243,121.92768050289813
3,15,2015,153481496.49635,1258791243,121.92768050289813
3,16,2015,153481496.49635,1258791243,121.92768050289813
3,17,2015,159519962.71801,1258791243,126.72471595674264
3,18,2015,159795394.00899002,1258791243,126.94352212695686
3,19,2015,159795394.00899002,1258791243,126.94352212695686
3,20,2015,160304646.01458,1258791243,127.3480784888015
3,21,2015,200199068.30888999,1258791243,159.04072213893687
3,22,2015,200637503.38499,1258791243,159.3890206185602
3,23,2015,200637503.38499,1258791243,159.3890206185602
3,24,2015,200637503.38499,1258791243,159.3890206185602
3,25,2015,200637503.38499,1258791243,159.3890206185602
3,26,2015,201135583.85657,1258791243,159.7847021696909
3,27,2015,201135583.85657,1258791243,159.7847021696909
3,28,2015,201135583.85657,1258791243,159.7847021696909
3,29,2015,201135583.85657,1258791243,159.7847021696909
3,30,2015,201135583.85657,1258791243,159.7847021696909
3,31,2015,201135583.85657,1258791243,159.7847021696909
4,1,2015,201142898.69932,1258791243,159.79051317512221
4,2,2015,201150334.64186,1258791243,159.79642038378879
4,3,2015,201150334.64186,1258791243,159.79642038378879
4,4,2015,201159822.55939,1258791243,159.80395770785483
4,5,2015,201207790.5321,1258791243,159.84206408409213
4,6,2015,201215448.15545,1258791243,159.84814739885348
4,7,2015,201215448.15545,1258791243,159.84814739885348
4,8,2015,201301471.69524,1258791243,159.91648560844015
4,9,2015,201961784.40778,1258791243,160.44104654434747
4,10,2015,227445141.4319,1258791243,180.68535406223828
4,11,2015,227453201.11522,1258791243,180.69175677862577
4,12,2015,233401249.82643,1258791243,185.4169633959155
4,13,2015,247945533.15822,1258791243,196.97112967461277
4,14,2015,247945533.15822,1258791243,196.97112967461277
4,15,2015,247945533.15822,1258791243,196.97112967461277
4,16,2015,253718750.55288,1258791243,201.55744803896764
4,17,2015,276673623.68211,1258791243,219.79309533702403
4,18,2015,277405943.26535,1258791243,220.37485945979842
4,19,2015,277405943.26535,1258791243,220.37485945979842
4,20,2015,277405943.26535,1258791243,220.37485945979842
4,21,2015,277415703.06878,1258791243,220.38261277353038
4,22,2015,292844549.8654,1258791243,232.63948767825997
4,23,2015,292844549.8654,1258791243,232.63948767825997
4,24,2015,306143720.25138,1258791243,243.2045201726749
4,25,2015,316567570.18566,1258791243,251.4853610128427
4,26,2015,316567570.18566,1258791243,251.4853610128427
4,27,2015,334846209.83048,1258791243,266.0061481143303
4,28,2015,334846209.83048,1258791243,266.0061481143303
4,29,2015,334846209.83048,1258791243,266.0061481143303
4,30,2015,334846209.83048,1258791243,266.0061481143303
5,1,2015,334846209.83048,1258791243,266.0061481143303
5,2,2015,334846209.83048,1258791243,266.0061481143303
5,3,2015,334846209.83048,1258791243,266.0061481143303
5,4,2015,335448634.71225,1258791243,266.48472221080584
5,5,2015,345446184.38453,1258791243,274.42690462419273
5,6,2015,347247820.89169,1258791243,275.8581479039492
5,7,2015,347276590.85749,1258791243,275.881003135871
5,8,2015,348097196.46156,1258791243,276.532902812353
5,9,2015,348359248.87463,1258791243,276.74108062938757
5,10,2015,350460865.2095,1258791243,278.41063175357664
5,11,2015,375177034.01129997,1258791243,298.0454750520535
5,12,2015,405681107.13362,1258791243,322.2783041982284
5,13,2015,456495908.90868,1258791243,362.6462381647503
5,14,2015,456646886.17446,1258791243,362.76617645207114
5,15,2015,514906243.90378,1258791243,409.0481616925103
5,16,2015,514932724.08954,1258791243,409.0691978936336
5,17,2015,558474702.1135,1258791243,443.6595068635221
5,18,2015,558474702.1135,1258791243,443.6595068635221
5,19,2015,558713777.68689,1258791243,443.84943158274734
5,20,2015,558718929.21483,1258791243,443.85352402299003
5,21,2015,575705209.64406,1258791243,457.3476442940746
5,22,2015,575803576.93126,1258791243,457.42578853582
5,23,2015,632986301.61165,1258791243,502.8524825952019
5,24,2015,738623933.3886501,1258791243,586.7723798493648
5,25,2015,740916852.88982,1258791243,588.5939046763929
5,26,2015,740916852.88982,1258791243,588.5939046763929
5,27,2015,741111561.49436,1258791243,588.7485837032948
5,28,2015,741929128.76777,1258791243,589.3980696907105
5,29,2015,781164294.46297,1258791243,620.5669913950696
5,30,2015,791748078.64138,1258791243,628.9748860616914
5,31,2015,791754052.56739,1258791243,628.9796318255687
6,1,2015,791754052.56739,1258791243,628.9796318255687
6,2,2015,791754052.56739,1258791243,628.9796318255687
6,3,2015,791754052.56739,1258791243,628.9796318255687
6,4,2015,791754052.56739,1258791243,628.9796318255687
6,5,2015,791754052.56739,1258791243,628.9796318255687
6,6,2015,791754052.56739,1258791243,628.9796318255687
6,7,2015,791754052.56739,1258791243,628.9796318255687
6,8,2015,791754052.56739,1258791243,628.9796318255687
6,9,2015,791754052.56739,1258791243,628.9796318255687
6,10,2015,791754052.56739,1258791243,628.9796318255687
6,11,2015,791754052.56739,1258791243,628.9796318255687
6,12,2015,791754052.56739,1258791243,628.9796318255687
6,13,2015,791754052.56739,1258791243,628.9796318255687
6,14,2015,802345084.29085,1258791243,637.3932840354611
6,15,2015,803025877.47906,1258791243,637.9341149254086
6,16,2015,831586035.05072,1258791243,660.6226724844796
6,17,2015,836387835.6466501,1258791243,664.4372848140715
6,18,2015,843398676.92433,1258791243,670.0067875546303
6,19,2015,904972859.44981,1258791243,718.9221123695171
6,20,2015,920303059.36435,1258791243,731.100620918722
6,21,2015,940367995.6515,1258791243,747.0404651134834
6,22,2015,960663622.34099,1258791243,763.1635727394316
6,23,2015,965142010.62549,1258791243,766.7212621572788
6,24,2015,966959822.78803,1258791243,768.1653555863115
6,25,2015,966959822.78803,1258791243,768.1653555863115
6,26,2015,966959822.78803,1258791243,768.1653555863115
6,27,2015,968969759.45476,1258791243,769.7620751995968
6,28,2015,970475154.44961,1258791243,770.9579804008932
6,29,2015,970556686.13618,1258791243,771.0227502243437
6,30,2015,972544727.03253,1258791243,772.6020755552157
7,1,2015,972897974.52104,1258791243,772.8826999164627
7,2,2015,975428822.55919,1258791243,774.8932382421968
7,3,2015,975579803.21595,1258791243,775.013179223356
7,4,2015,975579803.21595,1258791243,775.013179223356
7,5,2015,975579803.21595,1258791243,775.013179223356
7,6,2015,975629467.1327,1258791243,775.0526328794139
7,7,2015,975629467.1327,1258791243,775.0526328794139
7,8,2015,975873140.07521,1258791243,775.2462098079674
7,9,2015,975873140.07521,1258791243,775.2462098079674
7,10,2015,975873140.07521,1258791243,775.2462098079674
7,11,2015,975873140.07521,1258791243,775.2462098079674
7,12,2015,975873140.07521,1258791243,775.2462098079674
7,13,2015,975873140.07521,1258791243,775.2462098079674
7,14,2015,975873140.07521,1258791243,775.2462098079674
7,15,2015,975873140.07521,1258791243,775.2462098079674
7,16,2015,975873140.07521,1258791243,775.2462098079674
7,17,2015,975873140.07521,1258791243,775.2462098079674
7,18,2015,975873140.07521,1258791243,775.2462098079674
7,19,2015,975873140.07521,1258791243,775.2462098079674
7,20,2015,975873140.07521,1258791243,775.2462098079674
7,21,2015,975873140.07521,1258791243,775.2462098079674
7,22,2015,975873140.07521,1258791243,775.2462098079674
7,23,2015,975873140.07521,1258791243,775.2462098079674
7,24,2015,975873140.07521,1258791243,775.2462098079674
7,25,2015,975873140.07521,1258791243,775.2462098079674
7,26,2015,975873140.07521,1258791243,775.2462098079674
7,27,2015,975873140.07521,1258791243,775.2462098079674
7,28,2015,975873140.07521,1258791243,775.2462098079674
7,29,2015,975873140.07521,1258791243,775.2462098079674
7,30,2015,975873195.1837701,1258791243,775.2462535869182
7,31,2015,978130431.91027,1258791243,777.039431557493
8,1,2015,978130487.0188301,1258791243,777.039475336444
8,2,2015,978130487.0188301,1258791243,777.039475336444
8,3,2015,978130487.0188301,1258791243,777.039475336444
8,4,2015,978131662.03137,1258791243,777.0404087815616
8,5,2015,978131662.03137,1258791243,777.0404087815616
8,6,2015,978131662.03137,1258791243,777.0404087815616
8,7,2015,978131662.03137,1258791243,777.0404087815616
8,8,2015,978131662.03137,1258791243,777.0404087815616
8,9,2015,978131662.03137,1258791243,777.0404087815616
8,10,2015,978131662.03137,1258791243,777.0404087815616
8,11,2015,978131662.03137,1258791243,777.0404087815616
8,12,2015,983781792.07465,1258791243,781.5289449663338
8,13,2015,992772980.4626501,1258791243,788.6716609949042
8,14,2015,993848753.39813,1258791243,789.5262688907425
8,15,2015,997216216.5901,1258791243,792.2014250857798
8,16,2015,997216363.17485,1258791243,792.2015415345958
8,17,2015,997216363.17485,1258791243,792.2015415345958
8,18,2015,997216363.17485,1258791243,792.2015415345958
8,19,2015,997216363.17485,1258791243,792.2015415345958
8,20,2015,1019770518.63354,1258791243,810.1188535465051
8,21,2015,1019770518.63354,1258791243,810.1188535465051
8,22,2015,1019770518.63354,1258791243,810.1188535465051
8,23,2015,1019770518.63354,1258791243,810.1188535465051
8,24,2015,1019770518.63354,1258791243,810.1188535465051
8,25,2015,1019770518.63354,1258791243,810.1188535465051
8,26,2015,1019770518.63354,1258791243,810.1188535465051
8,27,2015,1019770518.63354,1258791243,810.1188535465051
8,28,2015,1019770518.63354,1258791243,810.1188535465051
8,29,2015,1019770518.63354,1258791243,810.1188535465051
8,30,2015,1019934504.9915,1258791243,810.2491264244519
8,31,2015,1019934504.9915,1258791243,810.2491264244519
9,1,2015,1019938135.29625,1258791243,810.252010385371
9,2,2015,1019938135.29625,1258791243,810.252010385371
9,3,2015,1019938135.29625,1258791243,810.252010385371
9,4,2015,1019938135.29625,1258791243,810.252010385371
9,5,2015,1019938135.29625,1258791243,810.252010385371
9,6,2015,1019938135.29625,1258791243,810.252010385371
9,7,2015,1019938135.29625,1258791243,810.252010385371
9,8,2015,1019938135.29625,1258791243,810.252010385371
9,9,2015,1025728990.62828,1258791243,814.8523405546762
9,10,2015,1029997309.6251,1258791243,818.2431482208046
9,11,2015,1029997808.65285,1258791243,818.243544654886
9,12,2015,1034177935.38195,1258791243,821.5642912459871
9,13,2015,1034177935.38195,1258791243,821.5642912459871
9,14,2015,1034177935.38195,1258791243,821.5642912459871
9,15,2015,1034180144.0412,1258791243,821.5660458333837
9,16,2015,1034374181.0969601,1258791243,821.7201913732729
9,17,2015,1034377833.5064601,1258791243,821.7230928944904
9,18,2015,1034377833.5064601,1258791243,821.7230928944904
9,19,2015,1034377833.5064601,1258791243,821.7230928944904
9,20,2015,1034377833.5064601,1258791243,821.7230928944904
9,21,2015,1034377833.5064601,1258791243,821.7230928944904
9,22,2015,1034377833.5064601,1258791243,821.7230928944904
9,23,2015,1034377833.5064601,1258791243,821.7230928944904
9,24,2015,1034377833.5064601,1258791243,821.7230928944904
9,25,2015,1039676546.3635,1258791243,825.9324587337474
9,26,2015,1039822934.26766,1258791243,826.0487511730014
9,27,2015,1039935730.68182,1258791243,826.1383580993183
9,28,2015,1039983386.60438,1258791243,826.1762165788915
9,29,2015,1039983386.60438,1258791243,826.1762165788915
9,30,2015,1039983386.60438,1258791243,826.1762165788915
10,1,2015,1039983386.60438,1258791243,826.1762165788915
10,2,2015,1039983386.60438,1258791243,826.1762165788915
10,3,2015,1039983386.60438,1258791243,826.1762165788915
10,4,2015,1039983386.60438,1258791243,826.1762165788915
10,5,2015,1040079157.85594,1258791243,826.2522984964395
10,6,2015,1040079157.85594,1258791243,826.2522984964395
10,7,2015,1040079157.85594,1258791243,826.2522984964395
10,8,2015,1040122404.07041,1258791243,826.2866538470272
10,9,2015,1083162195.14273,1258791243,860.4780190250577
10,10,2015,1083162195.14273,1258791243,860.4780190250577
10,11,2015,1083162195.14273,1258791243,860.4780190250577
10,12,2015,1083162195.14273,1258791243,860.4780190250577
10,13,2015,1083162195.14273,1258791243,860.4780190250577
10,14,2015,1083162195.14273,1258791243,860.4780190250577
10,15,2015,1083162195.14273,1258791243,860.4780190250577
10,16,2015,1083162195.14273,1258791243,860.4780190250577
10,17,2015,1083162195.14273,1258791243,860.4780190250577
10,18,2015,1083162195.14273,1258791243,860.4780190250577
10,19,2015,1083162195.14273,1258791243,860.4780190250577
10,20,2015,1083162195.14273,1258791243,860.4780190250577
10,21,2015,1085081115.14183,1258791243,862.0024338235962
10,22,2015,1091701190.30289,1258791243,867.2615069208025
10,23,2015,1092028179.97122,1258791243,867.5212717310109
10,24,2015,1155138741.19836,1258791243,917.6571156035283
10,25,2015,1155667376.69675,1258791243,918.0770704620718
10,26,2015,1155667376.69675,1258791243,918.0770704620718
10,27,2015,1155667376.69675,1258791243,918.0770704620718
10,28,2015,1155667376.69675,1258791243,918.0770704620718
10,29,2015,1155667376.69675,1258791243,918.0770704620718
10,30,2015,1202943836.92414,1258791243,955.6341002637083
10,31,2015,1224287992.70224,1258791243,972.5901729221356
11,1,2015,1226426501.39373,1258791243,974.2890318102808
11,2,2015,1226426501.39373,1258791243,974.2890318102808
11,3,2015,1226426501.39373,1258791243,974.2890318102808
11,4,2015,1226571492.17221,1258791243,974.4042143548738
11,5,2015,1231950954.62719,1258791243,978.6777287162857
11,6,2015,1261870315.38067,1258791243,1002.4460548147221
11,7,2015,1276347802.88515,1258791243,1013.9471576266359
11,8,2015,1277893980.09451,1258791243,1015.17546074517
11,9,2015,1277893980.09451,1258791243,1015.17546074517
11,10,2015,1277893980.09451,1258791243,1015.17546074517
11,11,2015,1277911858.01855,1258791243,1015.1896631986261
11,12,2015,1277911858.01855,1258791243,1015.1896631986261
11,13,2015,1277911858.01855,1258791243,1015.1896631986261
11,14,2015,1278363881.88024,1258791243,1015.5487567847977
11,15,2015,1278456445.94431,1258791243,1015.6222908712354
11,16,2015,1279963328.56771,1258791243,1016.8193778638401
11,17,2015,1284045981.41738,1258791243,1020.0626899478519
11,18,2015,1284045981.41738,1258791243,1020.0626899478519
11,19,2015,1284045981.41738,1258791243,1020.0626899478519
11,20,2015,1284045981.41738,1258791243,1020.0626899478519
11,21,2015,1284045981.41738,1258791243,1020.0626899478519
11,22,2015,1284045981.41738,1258791243,1020.0626899478519
11,23,2015,1284045981.41738,1258791243,1020.0626899478519
11,24,2015,1284045981.41738,1258791243,1020.0626899478519
11,25,2015,1284049075.18844,1258791243,1020.065147679487
11,26,2015,1289109089.31426,1258791243,1024.0848881677994
11,27,2015,1305786432.56676,1258791243,1037.3335847608532
11,28,2015,1342421425.06166,1258791243,1066.4368953364733
11,29,2015,1343220476.93635,1258791243,1067.071672452324
11,30,2015,1343220476.93635,1258791243,1067.071672452324
12,1,2015,1343220476.93635,1258791243,1067.071672452324
12,2,2015,1343220476.93635,1258791243,1067.071672452324
12,3,2015,1343220476.93635,1258791243,1067.071672452324
12,4,2015,1343220476.93635,1258791243,1067.071672452324
12,5,2015,1343220476.93635,1258791243,1067.071672452324
12,6,2015,1343220476.93635,1258791243,1067.071672452324
12,7,2015,1343220476.93635,1258791243,1067.071672452324
12,8,2015,1343220476.93635,1258791243,1067.071672452324
12,9,2015,1343220476.93635,1258791243,1067.071672452324
12,10,2015,1343220476.93635,1258791243,1067.071672452324
12,11,2015,1343220476.93635,1258791243,1067.071672452324
12,12,2015,1343220476.93635,1258791243,1067.071672452324
12,13,2015,1372890624.94002,1258791243,1090.6420207278325
12,14,2015,1372890624.94002,1258791243,1090.6420207278325
12,15,2015,1372890624.94002,1258791243,1090.6420207278325
12,16,2015,1372890624.94002,1258791243,1090.6420207278325
12,17,2015,1372890624.94002,1258791243,1090.6420207278325
12,18,2015,1372890624.94002,1258791243,1090.6420207278325
12,19,2015,1372890624.94002,1258791243,1090.6420207278325
12,20,2015,1373331708.28501,1258791243,1090.9924230264207
12,21,2015,1373333402.07726,1258791243,1090.9937685968316
12,22,2015,1373333402.07726,1258791243,1090.9937685968316
12,23,2015,1373333402.07726,1258791243,1090.9937685968316
12,24,2015,1373333402.07726,1258791243,1090.9937685968316
12,25,2015,1373333402.07726,1258791243,1090.9937685968316
12,26,2015,1373344037.33748,1258791243,1091.0022173847296
12,27,2015,1386588221.36479,1258791243,1101.523568006574
12,28,2015,1387344603.71356,1258791243,1102.1244479006596
12,29,2015,1387344603.71356,1258791243,1102.1244479006596
12,30,2015,1387350327.24175,1258791243,1102.1289947452788
12,31,2015,1387350327.24175,1258791243,1102.1289947452788
1,1,2016,1127165.40876,1258791243,0.8954347394995343
1,2,2016,22459969.35885,1258791243,17.842489359333747
1,3,2016,27721301.12343,1258791243,22.02215917657921
1,4,2016,27721301.12343,1258791243,22.02215917657921
1,5,2016,27721301.12343,1258791243,22.02215917657921
1,6,2016,32542746.48082,1258791243,25.852377558063456
1,7,2016,32543921.493359998,1258791243,25.85331100318117
1,8,2016,32543921.493359998,1258791243,25.85331100318117
1,9,2016,32543921.493359998,1258791243,25.85331100318117
1,10,2016,32543921.493359998,1258791243,25.85331100318117
1,11,2016,32543921.493359998,1258791243,25.85331100318117
1,12,2016,32543921.493359998,1258791243,25.85331100318117
1,13,2016,32543921.493359998,1258791243,25.85331100318117
1,14,2016,32543921.493359998,1258791243,25.85331100318117
1,15,2016,32543921.493359998,1258791243,25.85331100318117
1,16,2016,32738670.02296,1258791243,26.008021747065808
1,17,2016,32738670.02296,1258791243,26.008021747065808
1,18,2016,32738670.02296,1258791243,26.008021747065808
1,19,2016,32738670.02296,1258791243,26.008021747065808
1,20,2016,32738670.02296,1258791243,26.008021747065808
1,21,2016,32738670.02296,1258791243,26.008021747065808
1,22,2016,32738670.02296,1258791243,26.008021747065808
1,23,2016,32738670.02296,1258791243,26.008021747065808
1,24,2016,32738670.02296,1258791243,26.008021747065808
1,25,2016,32738670.02296,1258791243,26.008021747065808
1,26,2016,35283214.02182,1258791243,28.029440320645765
1,27,2016,35591809.35069,1258791243,28.274592430327225
1,28,2016,35591809.35069,1258791243,28.274592430327225
1,29,2016,35591809.35069,1258791243,28.274592430327225
1,30,2016,35591809.35069,1258791243,28.274592430327225
1,31,2016,35591809.35069,1258791243,28.274592430327225
2,1,2016,35591809.35069,1258791243,28.274592430327225
2,2,2016,35591809.35069,1258791243,28.274592430327225
2,3,2016,35591809.35069,1258791243,28.274592430327225
2,4,2016,35591809.35069,1258791243,28.274592430327225
2,5,2016,35591809.35069,1258791243,28.274592430327225
2,6,2016,35591809.35069,1258791243,28.274592430327225
2,7,2016,35591809.35069,1258791243,28.274592430327225
2,8,2016,35591809.35069,1258791243,28.274592430327225
2,9,2016,35591809.35069,1258791243,28.274592430327225
2,10,2016,35591809.35069,1258791243,28.274592430327225
2,11,2016,35591809.35069,1258791243,28.274592430327225
2,12,2016,35591809.35069,1258791243,28.274592430327225
2,13,2016,35591809.35069,1258791243,28.274592430327225
2,14,2016,35591809.35069,1258791243,28.274592430327225
2,15,2016,35591809.35069,1258791243,28.274592430327225
2,16,2016,35591809.35069,1258791243,28.274592430327225
2,17,2016,35591809.35069,1258791243,28.274592430327225
2,18,2016,35591809.35069,1258791243,28.274592430327225
2,19,2016,35591809.35069,1258791243,28.274592430327225
2,20,2016,35604838.268929996,1258791243,28.284942771031012
2,21,2016,35606790.24968,1258791243,28.286493449716506
2,22,2016,36255782.70279,1258791243,28.802061425517874
2,23,2016,80999572.64828,1258791243,64.34710528748093
2,24,2016,80999572.64828,1258791243,64.34710528748093
2,25,2016,80999572.64828,1258791243,64.34710528748093
2,26,2016,80999572.64828,1258791243,64.34710528748093
2,27,2016,80999572.64828,1258791243,64.34710528748093
2,28,2016,80999572.64828,1258791243,64.34710528748093
2,29,2016,80999572.64828,1258791243,64.34710528748093
3,1,2016,80999572.64828,1258791243,64.34710528748093
3,2,2016,80999572.64828,1258791243,64.34710528748093
3,3,2016,80999572.64828,1258791243,64.34710528748093
3,4,2016,80999572.64828,1258791243,64.34710528748093
3,5,2016,80999572.64828,1258791243,64.34710528748093
3,6,2016,81007316.20293,1258791243,64.3532568671754
3,7,2016,81263444.15359,1258791243,64.5567282148546
3,8,2016,83599172.32013,1258791243,66.41226079782159
3,9,2016,107473357.58648999,1258791243,85.37822151539227
3,10,2016,114923448.75515,1258791243,91.29667003502502
3,11,2016,135650006.60708,1258791243,107.76211493479545
3,12,2016,139384612.14031,1258791243,110.72893374132727
3,13,2016,139384612.14031,1258791243,110.72893374132727
3,14,2016,139384612.14031,1258791243,110.72893374132727
3,15,2016,139384612.14031,1258791243,110.72893374132727
3,16,2016,139384612.14031,1258791243,110.72893374132727
3,17,2016,139384612.14031,1258791243,110.72893374132727
3,18,2016,139384612.14031,1258791243,110.72893374132727
3,19,2016,146842316.82417,1258791243,116.65343053563807
3,20,2016,146842316.82417,1258791243,116.65343053563807
3,21,2016,146842316.82417,1258791243,116.65343053563807
3,22,2016,146842316.82417,1258791243,116.65343053563807
3,23,2016,146842316.82417,1258791243,116.65343053563807
3,24,2016,160613724.41017,1258791243,127.59361435291616
3,25,2016,160613724.41017,1258791243,127.59361435291616
3,26,2016,160613724.41017,1258791243,127.59361435291616
3,27,2016,160626976.19092,1258791243,127.6041417384725
3,28,2016,160626976.19092,1258791243,127.6041417384725
3,29,2016,160626976.19092,1258791243,127.6041417384725
3,30,2016,162616316.16235,1258791243,129.18449907134445
3,31,2016,162616316.16235,1258791243,129.18449907134445
4,1,2016,167070193.35793,1258791243,132.7227165639966
4,2,2016,167070193.35793,1258791243,132.7227165639966
4,3,2016,167070193.35793,1258791243,132.7227165639966
4,4,2016,167070193.35793,1258791243,132.7227165639966
4,5,2016,167070193.35793,1258791243,132.7227165639966
4,6,2016,167070193.35793,1258791243,132.7227165639966
4,7,2016,167070193.35793,1258791243,132.7227165639966
4,8,2016,167078948.7161,1258791243,132.72967193345818
4,9,2016,167209587.46734,1258791243,132.8334530424915
4,10,2016,167589903.05942,1258791243,133.1355806543532
4,11,2016,170583072.09238,1258791243,135.51339274162714
4,12,2016,170630069.97385,1258791243,135.55072846487064
4,13,2016,203628423.41541,1258791243,161.76504606920753
4,14,2016,203628423.41541,1258791243,161.76504606920753
4,15,2016,203628423.41541,1258791243,161.76504606920753
4,16,2016,204083129.83194,1258791243,162.1262707115448
4,17,2016,206075592.36197,1258791243,163.709108645245
4,18,2016,236859779.73587,1258791243,188.16446416593797
4,19,2016,236963105.90078,1258791243,188.24654780409844
4,20,2016,236963194.2636,1258791243,188.24661800066238
4,21,2016,240785542.84385,1258791243,191.28314101550353
4,22,2016,240785542.84385,1258791243,191.28314101550353
4,23,2016,240785542.84385,1258791243,191.28314101550353
4,24,2016,240830388.09044,1258791243,191.31876665783255
4,25,2016,240830388.09044,1258791243,191.31876665783255
4,26,2016,240830388.09044,1258791243,191.31876665783255
4,27,2016,260335098.02721,1258791243,206.81355981375378
4,28,2016,260353945.76454,1258791243,206.8285326993969
4,29,2016,260366797.84252998,1258791243,206.83874255592514
4,30,2016,278318123.54591,1258791243,221.09950724046305
5,1,2016,278318123.54591,1258791243,221.09950724046305
5,2,2016,278876881.96884,1258791243,221.5433921388028
5,3,2016,278877123.90838,1258791243,221.54358433869402
5,4,2016,278877123.90838,1258791243,221.54358433869402
5,5,2016,278877123.90838,1258791243,221.54358433869402
5,6,2016,278877123.90838,1258791243,221.54358433869402
5,7,2016,278877123.90838,1258791243,221.54358433869402
5,8,2016,282298126.44481003,1258791243,224.26127287954927
5,9,2016,282335821.91947,1258791243,224.2912186508355
5,10,2016,282335821.91947,1258791243,224.2912186508355
5,11,2016,325041740.57028,1258791243,258.21735127075397
5,12,2016,325121011.46437,1258791243,258.28032509149733
5,13,2016,325124669.64537,1258791243,258.2832311976689
5,14,2016,338870145.16564,1258791243,269.2028142474455
5,15,2016,358546291.66164,1258791243,284.8337988172992
5,16,2016,376291414.56102,1258791243,298.9307533346258
5,17,2016,377283031.50659,1258791243,299.71850662659085
5,18,2016,438929692.39836,1258791243,348.69140919052296
5,19,2016,501927758.71598,1258791243,398.73788565589825
5,20,2016,501927758.71598,1258791243,398.73788565589825
5,21,2016,502074640.40105003,1258791243,398.8545703610762
5,22,2016,502074640.40105003,1258791243,398.8545703610762
5,23,2016,503995029.84989,1258791243,400.3801525094419
5,24,2016,504013261.23011,1258791243,400.39463575304677
5,25,2016,504401879.18085,1258791243,400.7033588657162
5,26,2016,504459547.45736,1258791243,400.74917128841196
5,27,2016,504558800.58928,1258791243,400.82801925662903
5,28,2016,504795081.21707,1258791243,401.01572363501896
5,29,2016,680003004.65396,1258791243,540.203157938524
5,30,2016,696162074.47073,1258791243,553.0401314292667
5,31,2016,734029275.21164,1258791243,583.1223241291964
6,1,2016,734260607.26024,1258791243,583.3060972924483
6,2,2016,788466918.29316,1258791243,626.3682899589094
6,3,2016,796840055.46133,1258791243,633.0200181264926
6,4,2016,796964766.81626,1258791243,633.1190904354424
6,5,2016,797451285.95056,1258791243,633.5055875111136
6,6,2016,797451285.95056,1258791243,633.5055875111136
6,7,2016,797451285.95056,1258791243,633.5055875111136
6,8,2016,797462950.0163,1258791243,633.5148535953869
6,9,2016,797500308.22053,1258791243,633.5445314346932
6,10,2016,797500308.22053,1258791243,633.5445314346932
6,11,2016,797500308.22053,1258791243,633.5445314346932
6,12,2016,797512082.48178,1258791243,633.5538850597009
6,13,2016,797512082.48178,1258791243,633.5538850597009
6,14,2016,797512082.48178,1258791243,633.5538850597009
6,15,2016,797512082.48178,1258791243,633.5538850597009
6,16,2016,797512082.48178,1258791243,633.5538850597009
6,17,2016,797512082.48178,1258791243,633.5538850597009
6,18,2016,797512082.48178,1258791243,633.5538850597009
6,19,2016,798219433.82797,1258791243,634.1158140929092
6,20,2016,798241125.35938,1258791243,634.1330461252502
6,21,2016,798241125.35938,1258791243,634.1330461252502
6,22,2016,798241125.35938,1258791243,634.1330461252502
6,23,2016,798241125.35938,1258791243,634.1330461252502
6,24,2016,798241125.35938,1258791243,634.1330461252502
6,25,2016,805412812.85286,1258791243,639.8303271743208
6,26,2016,808883373.74337,1258791243,642.5873855108873
6,27,2016,809095056.15985,1258791243,642.7555487529318
6,28,2016,810003068.8016601,1258791243,643.4768857076169
6,29,2016,820934786.57226,1258791243,652.1611833077076
6,30,2016,820934786.57226,1258791243,652.1611833077076
7,1,2016,820934786.57226,1258791243,652.1611833077076
7,2,2016,820934786.57226,1258791243,652.1611833077076
7,3,2016,820934786.57226,1258791243,652.1611833077076
7,4,2016,820934786.57226,1258791243,652.1611833077076
7,5,2016,820934786.57226,1258791243,652.1611833077076
7,6,2016,820934786.57226,1258791243,652.1611833077076
7,7,2016,820934786.57226,1258791243,652.1611833077076
7,8,2016,820934786.57226,1258791243,652.1611833077076
7,9,2016,820934786.57226,1258791243,652.1611833077076
7,10,2016,820938251.06783,1258791243,652.1639355476752
7,11,2016,820938251.06783,1258791243,652.1639355476752
7,12,2016,820938251.06783,1258791243,652.1639355476752
7,13,2016,820938251.06783,1258791243,652.1639355476752
7,14,2016,820938251.06783,1258791243,652.1639355476752
7,15,2016,820938251.06783,1258791243,652.1639355476752
7,16,2016,820938251.06783,1258791243,652.1639355476752
7,17,2016,820938251.06783,1258791243,652.1639355476752
7,18,2016,820938251.06783,1258791243,652.1639355476752
7,19,2016,820938251.06783,1258791243,652.1639355476752
7,20,2016,821043525.06559,1258791243,652.247566569376
7,21,2016,821043525.06559,1258791243,652.247566569376
7,22,2016,821043525.06559,1258791243,652.247566569376
7,23,2016,821043525.06559,1258791243,652.247566569376
7,24,2016,821043525.06559,1258791243,652.247566569376
7,25,2016,821059845.22935,1258791243,652.260531517973
7,26,2016,845082630.23031,1258791243,671.3445417814287
7,27,2016,854121384.58535,1258791243,678.5250448277468
7,28,2016,856201550.52588,1258791243,680.1775554819934
7,29,2016,857121211.8025,1258791243,680.9081462624221
7,30,2016,857121211.8025,1258791243,680.9081462624221
7,31,2016,857121211.8025,1258791243,680.9081462624221
8,1,2016,857121211.8025,1258791243,680.9081462624221
8,2,2016,857121211.8025,1258791243,680.9081462624221
8,3,2016,857121211.8025,1258791243,680.9081462624221
8,4,2016,857121211.8025,1258791243,680.9081462624221
8,5,2016,857121211.8025,1258791243,680.9081462624221
8,6,2016,857121211.8025,1258791243,680.9081462624221
8,7,2016,857121211.8025,1258791243,680.9081462624221
8,8,2016,857121211.8025,1258791243,680.9081462624221
8,9,2016,857139274.81303,1258791243,680.9224957509734
8,10,2016,857139274.81303,1258791243,680.9224957509734
8,11,2016,857139274.81303,1258791243,680.9224957509734
8,12,2016,857143160.22651,1258791243,680.9255823735581
8,13,2016,864568476.5763,1258791243,686.8243494575215
8,14,2016,881233429.7603201,1258791243,700.0632032203612
8,15,2016,906590562.62288,1258791243,720.2072366362021
8,16,2016,917715438.95033,1258791243,729.0449818853165
8,17,2016,930740296.39364,1258791243,739.3920966398398
8,18,2016,951742746.9721,1258791243,756.076714280177
8,19,2016,951742746.9721,1258791243,756.076714280177
8,20,2016,997379254.56817,1258791243,792.3309445585093
8,21,2016,1004646712.05224,1258791243,798.104306523397
8,22,2016,1017581595.52528,1258791243,808.3799447954057
8,23,2016,1017581595.52528,1258791243,808.3799447954057
8,24,2016,1017581595.52528,1258791243,808.3799447954057
8,25,2016,1017581595.52528,1258791243,808.3799447954057
8,26,2016,1017581595.52528,1258791243,808.3799447954057
8,27,2016,1017581595.52528,1258791243,808.3799447954057
8,28,2016,1017581595.52528,1258791243,808.3799447954057
8,29,2016,1018738857.947,1258791243,809.2992889902079
8,30,2016,1021857577.04876,1258791243,811.7768396715484
8,31,2016,1028272267.82934,1258791243,816.8727527677438
9,1,2016,1032942862.49951,1258791243,820.583133417548
9,2,2016,1068484865.60629,1258791243,848.8181591252855
9,3,2016,1068586547.6835,1258791243,848.8989366789709
9,4,2016,1069307970.70646,1258791243,849.4720444337091
9,5,2016,1070669753.32249,1258791243,850.5538621088818
9,6,2016,1070685775.42064,1258791243,850.5665902703138
9,7,2016,1070685775.42064,1258791243,850.5665902703138
9,8,2016,1070685775.42064,1258791243,850.5665902703138
9,9,2016,1070685775.42064,1258791243,850.5665902703138
9,10,2016,1071315119.32894,1258791243,851.0665491886807
9,11,2016,1071444948.31228,1258791243,851.1696870076495
9,12,2016,1071476123.61373,1258791243,851.1944530692369
9,13,2016,1079273465.24322,1258791243,857.3887618339749
9,14,2016,1081014056.72267,1258791243,858.771510156327
9,15,2016,1081014056.72267,1258791243,858.771510156327
9,16,2016,1081014056.72267,1258791243,858.771510156327
9,17,2016,1081014056.72267,1258791243,858.771510156327
9,18,2016,1081014056.72267,1258791243,858.771510156327
9,19,2016,1081014056.72267,1258791243,858.771510156327
9,20,2016,1081014056.72267,1258791243,858.771510156327
9,21,2016,1081052488.27395,1258791243,858.8020406763745
9,22,2016,1081052488.27395,1258791243,858.8020406763745
9,23,2016,1081058587.07845,1258791243,858.8068856453349
9,24,2016,1081097009.94743,1258791243,858.8374092680511
9,25,2016,1106958594.704,1258791243,879.3821857751833
9,26,2016,1140113755.93142,1258791243,905.721073507198
9,27,2016,1140113755.93142,1258791243,905.721073507198
9,28,2016,1140113755.93142,1258791243,905.721073507198
9,29,2016,1140113755.93142,1258791243,905.721073507198
9,30,2016,1140113755.93142,1258791243,905.721073507198
10,1,2016,1140115651.40643,1258791243,905.7225792969947
10,2,2016,1140115651.40643,1258791243,905.7225792969947
10,3,2016,1140115651.40643,1258791243,905.7225792969947
10,4,2016,1140115651.40643,1258791243,905.7225792969947
10,5,2016,1140115651.40643,1258791243,905.7225792969947
10,6,2016,1140115651.40643,1258791243,905.7225792969947
10,7,2016,1140895343.55602,1258791243,906.3419767975141
10,8,2016,1140895343.55602,1258791243,906.3419767975141
10,9,2016,1140895343.55602,1258791243,906.3419767975141
10,10,2016,1140895343.55602,1258791243,906.3419767975141
10,11,2016,1140895343.55602,1258791243,906.3419767975141
10,12,2016,1140895343.55602,1258791243,906.3419767975141
10,13,2016,1144452830.85983,1258791243,909.1680905980293
10,14,2016,1144460144.16883,1258791243,909.1739003850299
10,15,2016,1144460144.16883,1258791243,909.1739003850299
10,16,2016,1144460144.16883,1258791243,909.1739003850299
10,17,2016,1144460144.16883,1258791243,909.1739003850299
10,18,2016,1144460144.16883,1258791243,909.1739003850299
10,19,2016,1144460144.16883,1258791243,909.1739003850299
10,20,2016,1145747798.62783,1258791243,910.1968296961135
10,21,2016,1145747798.62783,1258791243,910.1968296961135
10,22,2016,1145747798.62783,1258791243,910.1968296961135
10,23,2016,1145747798.62783,1258791243,910.1968296961135
10,24,2016,1145747798.62783,1258791243,910.1968296961135
10,25,2016,1145747798.62783,1258791243,910.1968296961135
10,26,2016,1145747798.62783,1258791243,910.1968296961135
10,27,2016,1145747798.62783,1258791243,910.1968296961135
10,28,2016,1145747798.62783,1258791243,910.1968296961135
10,29,2016,1145747798.62783,1258791243,910.1968296961135
10,30,2016,1145747798.62783,1258791243,910.1968296961135
10,31,2016,1145747798.62783,1258791243,910.1968296961135
11,1,2016,1145747798.62783,1258791243,910.1968296961135
11,2,2016,1145826461.49542,1258791243,910.2593204927626
11,3,2016,1151510732.51546,1258791243,914.7749787098415
11,4,2016,1160475007.87821,1258791243,921.8963146840148
11,5,2016,1160491369.89411,1258791243,921.9093128804916
11,6,2016,1161241264.00759,1258791243,922.5050384367745
11,7,2016,1162159217.7199001,1258791243,923.2342727060901
11,8,2016,1195994327.47541,1258791243,950.113320319158
11,9,2016,1208514425.99778,1258791243,960.0594480762368
11,10,2016,1210137143.46358,1258791243,961.3485557617435
11,11,2016,1213403832.12512,1258791243,963.9436553699634
11,12,2016,1213403832.12512,1258791243,963.9436553699634
11,13,2016,1213403832.12512,1258791243,963.9436553699634
11,14,2016,1213403832.12512,1258791243,963.9436553699634
11,15,2016,1213403832.12512,1258791243,963.9436553699634
11,16,2016,1213403832.12512,1258791243,963.9436553699634
11,17,2016,1213403832.12512,1258791243,963.9436553699634
11,18,2016,1213554455.86114,1258791243,964.0633128086831
11,19,2016,1213554455.86114,1258791243,964.0633128086831
11,20,2016,1213554455.86114,1258791243,964.0633128086831
11,21,2016,1213554455.86114,1258791243,964.0633128086831
11,22,2016,1213567202.55087,1258791243,964.0734389434182
11,23,2016,1213567202.55087,1258791243,964.0734389434182
11,24,2016,1213567202.55087,1258791243,964.0734389434182
11,25,2016,1213907922.15113,1258791243,964.3441109886478
11,26,2016,1213941279.55182,1258791243,964.3706105380176
11,27,2016,1213941279.55182,1258791243,964.3706105380176
11,28,2016,1213941279.55182,1258791243,964.3706105380176
11,29,2016,1213941279.55182,1258791243,964.3706105380176
11,30,2016,1213941279.55182,1258791243,964.3706105380176
12,1,2016,1213961296.3958101,1258791243,964.3865121770713
12,2,2016,1232883614.08453,1258791243,979.4186454191357
12,3,2016,1296190062.88452,1258791243,1029.7101049061873
12,4,2016,1314618032.12479,1258791243,1044.3495213644333
12,5,2016,1341710294.39181,1258791243,1065.8719639598019
12,6,2016,1341710294.39181,1258791243,1065.8719639598019
12,7,2016,1341710294.39181,1258791243,1065.8719639598019
12,8,2016,1341710294.39181,1258791243,1065.8719639598019
12,9,2016,1341710294.39181,1258791243,1065.8719639598019
12,10,2016,1341729090.16387,1258791243,1065.8868955635642
12,11,2016,1345815250.55629,1258791243,1069.1329940847784
12,12,2016,1345815250.55629,1258791243,1069.1329940847784
12,13,2016,1345815250.55629,1258791243,1069.1329940847784
12,14,2016,1345815250.55629,1258791243,1069.1329940847784
12,15,2016,1345815250.55629,1258791243,1069.1329940847784
12,16,2016,1345816469.46229,1258791243,1069.1339623994272
12,17,2016,1345965868.55971,1258791243,1069.2526469694467
12,18,2016,1345985126.30674,1258791243,1069.267945572084
12,19,2016,1345985126.30674,1258791243,1069.267945572084
12,20,2016,1345985126.30674,1258791243,1069.267945572084
12,21,2016,1345985126.30674,1258791243,1069.267945572084
12,22,2016,1345985126.30674,1258791243,1069.267945572084
12,23,2016,1346228018.08077,1258791243,1069.4609019303211
12,24,2016,1346433667.34446,1258791243,1069.6242723579703
12,25,2016,1346433667.34446,1258791243,1069.6242723579703
12,26,2016,1346433667.34446,1258791243,1069.6242723579703
12,27,2016,1354056525.27842,1258791243,1075.6799690243952
12,28,2016,1354056525.27842,1258791243,1075.6799690243952
12,29,2016,1354056525.27842,1258791243,1075.6799690243952
12,30,2016,1354056525.27842,1258791243,1075.6799690243952
12,31,2016,1354418745.56168,1258791243,1075.9677214895273
1,1,2017,0,1258791243,0
1,2,2017,158732.61676,1258791243,0.1260992381720914
1,3,2017,158732.61676,1258791243,0.1260992381720914
1,4,2017,158732.61676,1258791243,0.1260992381720914
1,5,2017,158732.61676,1258791243,0.1260992381720914
1,6,2017,158732.61676,1258791243,0.1260992381720914
1,7,2017,158732.61676,1258791243,0.1260992381720914
1,8,2017,158732.61676,1258791243,0.1260992381720914
1,9,2017,158732.61676,1258791243,0.1260992381720914
1,10,2017,158732.61676,1258791243,0.1260992381720914
1,11,2017,158732.61676,1258791243,0.1260992381720914
1,12,2017,158732.61676,1258791243,0.1260992381720914
1,13,2017,1994034.06376,1258791243,1.5840863803657714
1,14,2017,4008207.1456,1258791243,3.1841714564580905
1,15,2017,6633535.547309999,1258791243,5.269766201662399
1,16,2017,38700835.585149996,1258791243,30.744442972860746
1,17,2017,41127664.766669996,1258791243,32.67234737719731
1,18,2017,45819121.30696,1258791243,36.399300965712236
1,19,2017,46064317.09504,1258791243,36.594087662429025
1,20,2017,46064317.09504,1258791243,36.594087662429025
1,21,2017,46064317.09504,1258791243,36.594087662429025
1,22,2017,46086411.24655,1258791243,36.61163954137072
1,23,2017,46086411.24655,1258791243,36.61163954137072
1,24,2017,46086411.24655,1258791243,36.61163954137072
1,25,2017,46086411.24655,1258791243,36.61163954137072
1,26,2017,46086411.24655,1258791243,36.61163954137072
1,27,2017,46086411.24655,1258791243,36.61163954137072
1,28,2017,48300777.497889996,1258791243,38.3707606535121
1,29,2017,48300777.497889996,1258791243,38.3707606535121
1,30,2017,48300777.497889996,1258791243,38.3707606535121
1,31,2017,48300777.497889996,1258791243,38.3707606535121
2,1,2017,48300777.497889996,1258791243,38.3707606535121
2,2,2017,48300777.497889996,1258791243,38.3707606535121
2,3,2017,48300777.497889996,1258791243,38.3707606535121
2,4,2017,48417801.54306,1258791243,38.4637260644337
2,5,2017,48453917.55521,1258791243,38.492417090329255
2,6,2017,48453917.55521,1258791243,38.492417090329255
2,7,2017,48479725.72456,1258791243,38.51291943294842
2,8,2017,48479725.72456,1258791243,38.51291943294842
2,9,2017,48479725.72456,1258791243,38.51291943294842
2,10,2017,48479725.72456,1258791243,38.51291943294842
2,11,2017,48479725.72456,1258791243,38.51291943294842
2,12,2017,48479725.72456,1258791243,38.51291943294842
2,13,2017,49101983.433019996,1258791243,39.007248982760835
2,14,2017,94434969.84305,1258791243,75.02035811592471
2,15,2017,94434969.84305,1258791243,75.02035811592471
2,16,2017,94434969.84305,1258791243,75.02035811592471
2,17,2017,94434969.84305,1258791243,75.02035811592471
2,18,2017,94434969.84305,1258791243,75.02035811592471
2,19,2017,94434969.84305,1258791243,75.02035811592471
2,20,2017,131780390.58805001,1258791243,104.68804205690682
2,21,2017,131780390.58805001,1258791243,104.68804205690682
2,22,2017,131780390.58805001,1258791243,104.68804205690682
2,23,2017,131780390.58805001,1258791243,104.68804205690682
2,24,2017,131780390.58805001,1258791243,104.68804205690682
2,25,2017,131780390.58805001,1258791243,104.68804205690682
2,26,2017,131794257.01597,1258791243,104.69905772610305
2,27,2017,131826668.36911,1258791243,104.72480572309638
2,28,2017,131826668.36911,1258791243,104.72480572309638
3,1,2017,131826668.36911,1258791243,104.72480572309638
3,2,2017,131826668.36911,1258791243,104.72480572309638
3,3,2017,131826668.36911,1258791243,104.72480572309638
3,4,2017,145400229.64162,1258791243,115.50781787701077
3,5,2017,152509502.48695,1258791243,121.15551592453365
3,6,2017,153018954.8898,1258791243,121.56023148454649
3,7,2017,153018954.8898,1258791243,121.56023148454649
3,8,2017,153018965.64755002,1258791243,121.56024003064185
3,9,2017,153146063.08512,1258791243,121.66120787441798
3,10,2017,158021105.17669,1258791243,125.5340041928541
3,11,2017,158229393.25669,1258791243,125.69947093021683
3,12,2017,158267261.04917002,1258791243,125.72955359300192
3,13,2017,158267261.04917002,1258791243,125.72955359300192
3,14,2017,158267261.04917002,1258791243,125.72955359300192
3,15,2017,158267261.04917002,1258791243,125.72955359300192
3,16,2017,158267261.04917002,1258791243,125.72955359300192
3,17,2017,158267261.04917002,1258791243,125.72955359300192
3,18,2017,158267261.04917002,1258791243,125.72955359300192
3,19,2017,158267261.04917002,1258791243,125.72955359300192
3,20,2017,158267261.04917002,1258791243,125.72955359300192
3,21,2017,158267261.04917002,1258791243,125.72955359300192
3,22,2017,158267261.04917002,1258791243,125.72955359300192
3,23,2017,158267261.04917002,1258791243,125.72955359300192
3,24,2017,158913168.07299,1258791243,126.2426704639778
3,25,2017,158913168.07299,1258791243,126.2426704639778
3,26,2017,158913168.07299,1258791243,126.2426704639778
3,27,2017,158913168.07299,1258791243,126.2426704639778
3,28,2017,158913168.07299,1258791243,126.2426704639778
3,29,2017,185026568.50283,1258791243,146.98749259000843
3,30,2017,185026568.50283,1258791243,146.98749259000843
3,31,2017,185026568.50283,1258791243,146.98749259000843
4,1,2017,185030544.78008,1258791243,146.99065139594398
4,2,2017,221235246.97627,1258791243,175.75213380815518
4,3,2017,221235246.97627,1258791243,175.75213380815518
4,4,2017,221235246.97627,1258791243,175.75213380815518
4,5,2017,221235246.97627,1258791243,175.75213380815518
4,6,2017,221235246.97627,1258791243,175.75213380815518
4,7,2017,221235246.97627,1258791243,175.75213380815518
4,8,2017,221235246.97627,1258791243,175.75213380815518
4,9,2017,221235246.97627,1258791243,175.75213380815518
4,10,2017,221235246.97627,1258791243,175.75213380815518
4,11,2017,247881036.12536,1258791243,196.91989239979168
4,12,2017,247881036.12536,1258791243,196.91989239979168
4,13,2017,249058611.55435,1258791243,197.85537350957722
4,14,2017,249373365.4024,1258791243,198.10541802633114
4,15,2017,249373365.4024,1258791243,198.10541802633114
4,16,2017,249405745.0389,1258791243,198.13114082721657
4,17,2017,270695732.19105,1258791243,215.04418123049334
4,18,2017,270695732.19105,1258791243,215.04418123049334
4,19,2017,270695732.19105,1258791243,215.04418123049334
4,20,2017,270695732.19105,1258791243,215.04418123049334
4,21,2017,270695732.19105,1258791243,215.04418123049334
4,22,2017,270738049.14976,1258791243,215.07779836831926
4,23,2017,270738049.14976,1258791243,215.07779836831926
4,24,2017,270738049.14976,1258791243,215.07779836831926
4,25,2017,270738049.14976,1258791243,215.07779836831926
4,26,2017,270738049.14976,1258791243,215.07779836831926
4,27,2017,270738049.14976,1258791243,215.07779836831926
4,28,2017,270738049.14976,1258791243,215.07779836831926
4,29,2017,270738049.14976,1258791243,215.07779836831926
4,30,2017,274767561.53452003,1258791243,218.27889498157245
5,1,2017,274767561.53452003,1258791243,218.27889498157245
5,2,2017,274767561.53452003,1258791243,218.27889498157245
5,3,2017,274767561.53452003,1258791243,218.27889498157245
5,4,2017,275753625.01067,1258791243,219.0622365257986
5,5,2017,275753625.01067,1258791243,219.0622365257986
5,6,2017,275753625.01067,1258791243,219.0622365257986
5,7,2017,275753625.01067,1258791243,219.0622365257986
5,8,2017,275753625.01067,1258791243,219.0622365257986
5,9,2017,275846540.87242,1258791243,219.13605008485112
5,10,2017,275867299.05842,1258791243,219.15254065555968
5,11,2017,276164118.60597,1258791243,219.38833793267023
5,12,2017,276164118.60597,1258791243,219.38833793267023
5,13,2017,276164118.60597,1258791243,219.38833793267023
5,14,2017,276164118.60597,1258791243,219.38833793267023
5,15,2017,276164118.60597,1258791243,219.38833793267023
5,16,2017,276182332.55048,1258791243,219.40280732512215
5,17,2017,276935230.99053,1258791243,220.0009195571835
5,18,2017,276935230.99053,1258791243,220.0009195571835
5,19,2017,276935230.99053,1258791243,220.0009195571835
5,20,2017,283169736.17593,1258791243,224.95369089243817
5,21,2017,289352519.65296,1258791243,229.86537383542952
5,22,2017,308362357.61318,1258791243,244.96703431005676
5,23,2017,308912225.33116,1258791243,245.40385631770718
5,24,2017,308912225.33116,1258791243,245.40385631770718
5,25,2017,308912225.33116,1258791243,245.40385631770718
5,26,2017,308912225.33116,1258791243,245.40385631770718
5,27,2017,308912225.33116,1258791243,245.40385631770718
5,28,2017,308936153.09412,1258791243,245.42286484123565
5,29,2017,311848327.73135,1258791243,247.7363339358328
5,30,2017,340456003.92511,1258791243,270.46264090122054
5,31,2017,372640171.82664,1258791243,296.03015901075827
6,1,2017,372644037.26812,1258791243,296.0332297673284
6,2,2017,378961398.81422,1258791243,301.05182326424875
6,3,2017,390590799.31246,1258791243,310.29036902226056
6,4,2017,402482020.76135,1258791243,319.7369087205749
6,5,2017,431810098.64342,1258791243,343.0355120792813
6,6,2017,432197801.42306,1258791243,343.3435081682245
6,7,2017,432197801.42306,1258791243,343.3435081682245
6,8,2017,432197801.42306,1258791243,343.3435081682245
6,9,2017,432243715.34642,1258791243,343.379982781164
6,10,2017,432243715.34642,1258791243,343.379982781164
6,11,2017,432243715.34642,1258791243,343.379982781164
6,12,2017,432243715.34642,1258791243,343.379982781164
6,13,2017,432243715.34642,1258791243,343.379982781164
6,14,2017,432243715.34642,1258791243,343.379982781164
6,15,2017,432243715.34642,1258791243,343.379982781164
6,16,2017,432243715.34642,1258791243,343.379982781164
6,17,2017,432243715.34642,1258791243,343.379982781164
6,18,2017,432243715.34642,1258791243,343.379982781164
6,19,2017,432243715.34642,1258791243,343.379982781164
6,20,2017,432243715.34642,1258791243,343.379982781164
6,21,2017,432243715.34642,1258791243,343.379982781164
6,22,2017,432243715.34642,1258791243,343.379982781164
6,23,2017,432243715.34642,1258791243,343.379982781164
6,24,2017,432726211.52427,1258791243,343.76328396834106
6,25,2017,435414576.49493,1258791243,345.89895577699855
6,26,2017,441161217.41331,1258791243,350.464161445799
6,27,2017,476756844.50954,1258791243,378.74178674242654
6,28,2017,487567901.31279,1258791243,387.3302297137048
6,29,2017,487567901.31279,1258791243,387.3302297137048
6,30,2017,487567901.31279,1258791243,387.3302297137048
7,1,2017,487568646.74826,1258791243,387.3308218972572
7,2,2017,487568646.74826,1258791243,387.3308218972572
7,3,2017,487568646.74826,1258791243,387.3308218972572
7,4,2017,487568646.74826,1258791243,387.3308218972572
7,5,2017,487568646.74826,1258791243,387.3308218972572
7,6,2017,487568646.74826,1258791243,387.3308218972572
7,7,2017,487568646.74826,1258791243,387.3308218972572
7,8,2017,487615013.23699,1258791243,387.367656033964
7,9,2017,487615013.23699,1258791243,387.367656033964
7,10,2017,487615013.23699,1258791243,387.367656033964
7,11,2017,487615013.23699,1258791243,387.367656033964
7,12,2017,487827267.38481003,1258791243,387.53627346675944
7,13,2017,488392837.58013,1258791243,387.98556972494765
7,14,2017,488392837.58013,1258791243,387.98556972494765
7,15,2017,489359003.51858,1258791243,388.7531044085759
7,16,2017,489550610.34279,1258791243,388.9053193411753
7,17,2017,514005483.66817003,1258791243,408.3325861428558
7,18,2017,515693996.3324,1258791243,409.67396238265695
7,19,2017,515694277.1729,1258791243,409.6741854859726
7,20,2017,515725005.78004,1258791243,409.6985966878386
7,21,2017,515798382.16602004,1258791243,409.7568878353089
7,22,2017,515798382.16602004,1258791243,409.7568878353089
7,23,2017,515799894.49266,1258791243,409.75808924709844
7,24,2017,515823089.95384,1258791243,409.7765160206473
7,25,2017,515823089.95384,1258791243,409.7765160206473
7,26,2017,517200331.42511,1258791243,410.87061440981915
7,27,2017,517345165.4412,1258791243,410.9856724203475
7,28,2017,517345165.4412,1258791243,410.9856724203475
7,29,2017,517345165.4412,1258791243,410.9856724203475
7,30,2017,517421727.66873,1258791243,411.04649444143774
7,31,2017,523979271.24683,1258791243,416.25589164257474
8,1,2017,524038749.04478,1258791243,416.30314157244266
8,2,2017,527332162.76362,1258791243,418.9194719108957
8,3,2017,529075466.46784,1258791243,420.3043748595891
8,4,2017,529875144.85749,1258791243,420.93964968700533
8,5,2017,529875144.85749,1258791243,420.93964968700533
8,6,2017,530088547.93018,1258791243,421.1091798405369
8,7,2017,641437424.83599,1258791243,509.56616389171205
8,8,2017,642710030.43723,1258791243,510.57713819608296
8,9,2017,642784902.14239,1258791243,510.63661724439726
8,10,2017,642784902.14239,1258791243,510.63661724439726
8,11,2017,642784902.14239,1258791243,510.63661724439726
8,12,2017,642784902.14239,1258791243,510.63661724439726
8,13,2017,642784902.14239,1258791243,510.63661724439726
8,14,2017,642784902.14239,1258791243,510.63661724439726
8,15,2017,642784902.14239,1258791243,510.63661724439726
8,16,2017,642784902.14239,1258791243,510.63661724439726
8,17,2017,642784902.14239,1258791243,510.63661724439726
8,18,2017,642784902.14239,1258791243,510.63661724439726
8,19,2017,642784902.14239,1258791243,510.63661724439726
8,20,2017,642784902.14239,1258791243,510.63661724439726
8,21,2017,642784902.14239,1258791243,510.63661724439726
8,22,2017,642784902.14239,1258791243,510.63661724439726
8,23,2017,643126077.6124,1258791243,510.9076514384364
8,24,2017,647247968.00883,1258791243,514.1821343357009
8,25,2017,650051667.65986,1258791243,516.4094295020926
8,26,2017,652336602.20908,1258791243,518.2246109802974
8,27,2017,652799182.33706,1258791243,518.5920906005699
8,28,2017,652799182.33706,1258791243,518.5920906005699
8,29,2017,652799182.33706,1258791243,518.5920906005699
8,30,2017,652799182.33706,1258791243,518.5920906005699
8,31,2017,652799182.33706,1258791243,518.5920906005699
9,1,2017,652799182.33706,1258791243,518.5920906005699
9,2,2017,652799182.33706,1258791243,518.5920906005699
9,3,2017,652812656.63738,1258791243,518.6027947585429
9,4,2017,652812656.63738,1258791243,518.6027947585429
9,5,2017,652834547.97888,1258791243,518.6201855225967
9,6,2017,652834547.97888,1258791243,518.6201855225967
9,7,2017,652834547.97888,1258791243,518.6201855225967
9,8,2017,652834547.97888,1258791243,518.6201855225967
9,9,2017,652834547.97888,1258791243,518.6201855225967
9,10,2017,652834547.97888,1258791243,518.6201855225967
9,11,2017,652834547.97888,1258791243,518.6201855225967
9,12,2017,652834547.97888,1258791243,518.6201855225967
9,13,2017,652834547.97888,1258791243,518.6201855225967
9,14,2017,652834547.97888,1258791243,518.6201855225967
9,15,2017,652834547.97888,1258791243,518.6201855225967
9,16,2017,652834547.97888,1258791243,518.6201855225967
9,17,2017,652834547.97888,1258791243,518.6201855225967
9,18,2017,652834547.97888,1258791243,518.6201855225967
9,19,2017,652834547.97888,1258791243,518.6201855225967
9,20,2017,652902059.92462,1258791243,518.6738178830976
9,21,2017,652902059.92462,1258791243,518.6738178830976
9,22,2017,655741385.62878,1258791243,520.9294148456195
9,23,2017,656133965.73725,1258791243,521.2412855474956
9,24,2017,656716327.60586,1258791243,521.7039213275334
9,25,2017,657734701.29998,1258791243,522.5129305256694
9,26,2017,688033261.67128,1258791243,546.5824976916208
9,27,2017,729114309.29723,1258791243,579.2178118109374
9,28,2017,754456674.69205,1258791243,599.3501137599271
9,29,2017,762282789.26439,1258791243,605.5672801215935
9,30,2017,762626787.9522899,1258791243,605.8405571163399
10,1,2017,762626787.9522899,1258791243,605.8405571163399
10,2,2017,762626787.9522899,1258791243,605.8405571163399
10,3,2017,763039578.59444,1258791243,606.1684833268577
10,4,2017,768358209.83286,1258791243,610.3936725852009
10,5,2017,768532957.39578,1258791243,610.5324943031717
10,6,2017,768532957.39578,1258791243,610.5324943031717
10,7,2017,768532957.39578,1258791243,610.5324943031717
10,8,2017,768532957.39578,1258791243,610.5324943031717
10,9,2017,768532957.39578,1258791243,610.5324943031717
10,10,2017,769472490.12409,1258791243,611.2788712211354
10,11,2017,769472490.12409,1258791243,611.2788712211354
10,12,2017,769472490.12409,1258791243,611.2788712211354
10,13,2017,769472490.12409,1258791243,611.2788712211354
10,14,2017,769472490.12409,1258791243,611.2788712211354
10,15,2017,769485861.84799,1258791243,611.2894938910772
10,16,2017,769485861.84799,1258791243,611.2894938910772
10,17,2017,769485861.84799,1258791243,611.2894938910772
10,18,2017,769485861.84799,1258791243,611.2894938910772
10,19,2017,769485861.84799,1258791243,611.2894938910772
10,20,2017,769491021.30905,1258791243,611.2935926334927
10,21,2017,769491021.30905,1258791243,611.2935926334927
10,22,2017,770248787.33736,1258791243,611.8955717404526
10,23,2017,770248787.33736,1258791243,611.8955717404526
10,24,2017,770248787.33736,1258791243,611.8955717404526
10,25,2017,770248787.33736,1258791243,611.8955717404526
10,26,2017,770248787.33736,1258791243,611.8955717404526
10,27,2017,770248787.33736,1258791243,611.8955717404526
10,28,2017,770248787.33736,1258791243,611.8955717404526
10,29,2017,770248787.33736,1258791243,611.8955717404526
10,30,2017,770248787.33736,1258791243,611.8955717404526
10,31,2017,770248787.33736,1258791243,611.8955717404526
11,1,2017,770274762.62778,1258791243,611.9162068462055
11,2,2017,770274762.62778,1258791243,611.9162068462055
11,3,2017,770274762.62778,1258791243,611.9162068462055
11,4,2017,770274762.62778,1258791243,611.9162068462055
11,5,2017,770274762.62778,1258791243,611.9162068462055
11,6,2017,770274762.62778,1258791243,611.9162068462055
11,7,2017,770274762.62778,1258791243,611.9162068462055
11,8,2017,770513624.94677,1258791243,612.1059621533847
11,9,2017,772058650.26232,1258791243,613.3333501926181
11,10,2017,772058650.26232,1258791243,613.3333501926181
11,11,2017,772562297.7326,1258791243,613.7334542393221
11,12,2017,776961098.8826799,1258791243,617.2279186110288
11,13,2017,777058952.70833,1258791243,617.3056549522962
11,14,2017,777780427.79532,1258791243,617.8788040673714
11,15,2017,777780427.79532,1258791243,617.8788040673714
11,16,2017,777798257.00038,1258791243,617.8929678178417
11,17,2017,777798257.00038,1258791243,617.8929678178417
11,18,2017,777798257.00038,1258791243,617.8929678178417
11,19,2017,777798257.00038,1258791243,617.8929678178417
11,20,2017,777798257.00038,1258791243,617.8929678178417
11,21,2017,777798257.00038,1258791243,617.8929678178417
11,22,2017,777798257.00038,1258791243,617.8929678178417
11,23,2017,777798257.00038,1258791243,617.8929678178417
11,24,2017,777798257.00038,1258791243,617.8929678178417
11,25,2017,777798257.00038,1258791243,617.8929678178417
11,26,2017,777798257.00038,1258791243,617.8929678178417
11,27,2017,777798257.00038,1258791243,617.8929678178417
11,28,2017,777798257.00038,1258791243,617.8929678178417
11,29,2017,777798257.00038,1258791243,617.8929678178417
11,30,2017,777798257.00038,1258791243,617.8929678178417
12,1,2017,777798257.00038,1258791243,617.8929678178417
12,2,2017,777798257.00038,1258791243,617.8929678178417
12,3,2017,778162453.43425,1258791243,618.1822901625079
12,4,2017,778162453.43425,1258791243,618.1822901625079
12,5,2017,778167933.14082,1258791243,618.1866433120873
12,6,2017,800147375.5165,1258791243,635.6473958378975
12,7,2017,835396077.9437,1258791243,663.6494197026282
12,8,2017,840688854.86817,1258791243,667.8540699604866
12,9,2017,840688854.86817,1258791243,667.8540699604866
12,10,2017,840688854.86817,1258791243,667.8540699604866
12,11,2017,840688854.86817,1258791243,667.8540699604866
12,12,2017,840688854.86817,1258791243,667.8540699604866
12,13,2017,840688854.86817,1258791243,667.8540699604866
12,14,2017,840688854.86817,1258791243,667.8540699604866
12,15,2017,844592237.95247,1258791243,670.9549678305714
12,16,2017,849523011.8830099,1258791243,674.8720382407441
12,17,2017,850077374.14279,1258791243,675.3124307703735
12,18,2017,850117604.6827099,1258791243,675.3443904302009
12,19,2017,851839289.21764,1258791243,676.7121188319549
12,20,2017,851839289.21764,1258791243,676.7121188319549
12,21,2017,851839289.21764,1258791243,676.7121188319549
12,22,2017,852449412.82156,1258791243,677.1968088926085
12,23,2017,852449412.82156,1258791243,677.1968088926085
12,24,2017,852449412.82156,1258791243,677.1968088926085
12,25,2017,852449412.82156,1258791243,677.1968088926085
12,26,2017,852449412.82156,1258791243,677.1968088926085
12,27,2017,852449412.82156,1258791243,677.1968088926085
12,28,2017,852449412.82156,1258791243,677.1968088926085
12,29,2017,852449412.82156,1258791243,677.1968088926085
12,30,2017,852449412.82156,1258791243,677.1968088926085
12,31,2017,852449412.82156,1258791243,677.1968088926085
1,1,2018,282512.75812,1258791243,0.224431779050754
1,2,2018,282512.75812,1258791243,0.224431779050754
1,3,2018,282512.75812,1258791243,0.224431779050754
1,4,2018,282512.75812,1258791243,0.224431779050754
1,5,2018,508570.50173,1258791243,0.40401496638787787
1,6,2018,508570.50173,1258791243,0.40401496638787787
1,7,2018,508570.50173,1258791243,0.40401496638787787
1,8,2018,508570.50173,1258791243,0.40401496638787787
1,9,2018,508570.50173,1258791243,0.40401496638787787
1,10,2018,508570.50173,1258791243,0.40401496638787787
1,11,2018,508570.50173,1258791243,0.40401496638787787
1,12,2018,508570.50173,1258791243,0.40401496638787787
1,13,2018,508570.50173,1258791243,0.40401496638787787
1,14,2018,508570.50173,1258791243,0.40401496638787787
1,15,2018,508570.50173,1258791243,0.40401496638787787
1,16,2018,7817878.75725,1258791243,6.210623723929099
1,17,2018,7817878.75725,1258791243,6.210623723929099
1,18,2018,7843437.20636,1258791243,6.2309276855685916
1,19,2018,7980105.87906,1258791243,6.339499041986901
1,20,2018,9184058.50187,1258791243,7.295934534770195
1,21,2018,9850682.75907,1258791243,7.825509443165072
1,22,2018,9850682.75907,1258791243,7.825509443165072
1,23,2018,9850682.75907,1258791243,7.825509443165072
1,24,2018,9850682.75907,1258791243,7.825509443165072
1,25,2018,9850682.75907,1258791243,7.825509443165072
1,26,2018,13690659.56057,1258791243,10.876036544345423
1,27,2018,16325188.21753,1258791243,12.968940090990131
1,28,2018,16325188.21753,1258791243,12.968940090990131
1,29,2018,16325188.21753,1258791243,12.968940090990131
1,30,2018,16325188.21753,1258791243,12.968940090990131
1,31,2018,16325188.21753,1258791243,12.968940090990131
2,1,2018,16325188.21753,1258791243,12.968940090990131
2,2,2018,16325188.21753,1258791243,12.968940090990131
2,3,2018,17661145.18429,1258791243,14.030241537269735
2,4,2018,17661145.18429,1258791243,14.030241537269735
2,5,2018,17661145.18429,1258791243,14.030241537269735
2,6,2018,18963089.03679,1258791243,15.064522526861905
2,7,2018,19044031.44133,1258791243,15.128824217066786
2,8,2018,19044031.44133,1258791243,15.128824217066786
2,9,2018,19044031.44133,1258791243,15.128824217066786
2,10,2018,20934581.63391,1258791243,16.630701675377
2,11,2018,21216420.05483,1258791243,16.854597752258115
2,12,2018,21216420.05483,1258791243,16.854597752258115
2,13,2018,21313065.02911,1258791243,16.93137376640457
2,14,2018,22039157.966169998,1258791243,17.50819136113898
2,15,2018,22057967.78518,1258791243,17.5231341239796
2,16,2018,22057967.78518,1258791243,17.5231341239796
2,17,2018,22057967.78518,1258791243,17.5231341239796
2,18,2018,22076181.72969,1258791243,17.537603516431517
2,19,2018,22086322.32101,1258791243,17.545659332974882
2,20,2018,30697498.50667,1258791243,24.3864887664062
2,21,2018,52912780.85029,1258791243,42.03459560473762
2,22,2018,53760487.6889,1258791243,42.708024851504305
2,23,2018,54416269.03954,1258791243,43.22898601507033
2,24,2018,54719051.37783,1258791243,43.46952021005599
2,25,2018,61545051.47357,1258791243,48.89218273150157
2,26,2018,61545051.47357,1258791243,48.89218273150157
2,27,2018,64861437.71972,1258791243,51.526762741961655
2,28,2018,64861437.71972,1258791243,51.526762741961655
3,1,2018,64861437.71972,1258791243,51.526762741961655
3,2,2018,64861437.71972,1258791243,51.526762741961655
3,3,2018,64938085.77022,1258791243,51.58765294192629
3,4,2018,65876126.01921,1258791243,52.33284421506736
3,5,2018,65876126.01921,1258791243,52.33284421506736
3,6,2018,65876126.01921,1258791243,52.33284421506736
3,7,2018,65876126.01921,1258791243,52.33284421506736
3,8,2018,65876126.01921,1258791243,52.33284421506736
3,9,2018,65876126.01921,1258791243,52.33284421506736
3,10,2018,65881670.827589996,1258791243,52.33724908236432
3,11,2018,66122891.908309996,1258791243,52.528878220286444
3,12,2018,66122891.908309996,1258791243,52.528878220286444
3,13,2018,66122891.908309996,1258791243,52.528878220286444
3,14,2018,66122891.908309996,1258791243,52.528878220286444
3,15,2018,66122891.908309996,1258791243,52.528878220286444
3,16,2018,66134138.95925,1258791243,52.537813022623645
3,17,2018,66134138.95925,1258791243,52.537813022623645
3,18,2018,68337072.95472,1258791243,54.28785220324257
3,19,2018,68337072.95472,1258791243,54.28785220324257
3,20,2018,68337072.95472,1258791243,54.28785220324257
3,21,2018,68337072.95472,1258791243,54.28785220324257
3,22,2018,68337072.95472,1258791243,54.28785220324257
3,23,2018,68337072.95472,1258791243,54.28785220324257
3,24,2018,68337072.95472,1258791243,54.28785220324257
3,25,2018,68337072.95472,1258791243,54.28785220324257
3,26,2018,68337072.95472,1258791243,54.28785220324257
3,27,2018,69572732.95876,1258791243,55.269476448653684
3,28,2018,146199442.33989,1258791243,116.14272275318808
3,29,2018,146205278.26854,1258791243,116.14735889018256
3,30,2018,146205278.26854,1258791243,116.14735889018256
3,31,2018,146205278.26854,1258791243,116.14735889018256
4,1,2018,146205278.26854,1258791243,116.14735889018256
4,2,2018,146205278.26854,1258791243,116.14735889018256
4,3,2018,146205278.26854,1258791243,116.14735889018256
4,4,2018,146209537.27679,1258791243,116.15074230127132
4,5,2018,146209537.27679,1258791243,116.15074230127132
4,6,2018,146209537.27679,1258791243,116.15074230127132
4,7,2018,146209537.27679,1258791243,116.15074230127132
4,8,2018,146209537.27679,1258791243,116.15074230127132
4,9,2018,146211745.93603998,1258791243,116.15249688866797
4,10,2018,146211745.93603998,1258791243,116.15249688866797
4,11,2018,146211745.93603998,1258791243,116.15249688866797
4,12,2018,146211745.93603998,1258791243,116.15249688866797
4,13,2018,146222709.40054,1258791243,116.16120640627939
4,14,2018,154678918.61821,1258791243,122.87892808149286
4,15,2018,154678918.61821,1258791243,122.87892808149286
4,16,2018,154678918.61821,1258791243,122.87892808149286
4,17,2018,154678918.61821,1258791243,122.87892808149286
4,18,2018,154678918.61821,1258791243,122.87892808149286
4,19,2018,154678918.61821,1258791243,122.87892808149286
4,20,2018,154706349.09265998,1258791243,122.90071920420881
4,21,2018,155948547.25257,1258791243,123.8875374449757
4,22,2018,155948547.25257,1258791243,123.8875374449757
4,23,2018,155948547.25257,1258791243,123.8875374449757
4,24,2018,155948547.25257,1258791243,123.8875374449757
4,25,2018,187942482.03906,1258791243,149.30393191419748
4,26,2018,188020054.51185,1258791243,149.36555648715296
4,27,2018,188020054.51185,1258791243,149.36555648715296
4,28,2018,188020054.51185,1258791243,149.36555648715296
4,29,2018,188020054.51185,1258791243,149.36555648715296
4,30,2018,188179857.50855,1258791243,149.49250604895573
5,1,2018,188209245.89699,1258791243,149.51585256379957
5,2,2018,188209245.89699,1258791243,149.51585256379957
5,3,2018,188209245.89699,1258791243,149.51585256379957
5,4,2018,299047015.36114,1258791243,237.5668062707837
5,5,2018,299712181.33513,1258791243,238.0952227001868
5,6,2018,299712181.33513,1258791243,238.0952227001868
5,7,2018,299712181.33513,1258791243,238.0952227001868
5,8,2018,299712181.33513,1258791243,238.0952227001868
5,9,2018,299712181.33513,1258791243,238.0952227001868
5,10,2018,299712181.33513,1258791243,238.0952227001868
5,11,2018,299712181.33513,1258791243,238.0952227001868
5,12,2018,299712181.33513,1258791243,238.0952227001868
5,13,2018,299712181.33513,1258791243,238.0952227001868
5,14,2018,299712181.33513,1258791243,238.0952227001868
5,15,2018,299772359.94694,1258791243,238.14302936562453
5,16,2018,310427497.64703,1258791243,246.60760819022477
5,17,2018,310427497.64703,1258791243,246.60760819022477
5,18,2018,310446591.92227995,1258791243,246.62277692877146
5,19,2018,310713545.14862,1258791243,246.8348480150811
5,20,2018,330355228.87246,1258791243,262.4384549142117
5,21,2018,330522561.91208,1258791243,262.5713864392366
5,22,2018,334189726.90589,1258791243,265.48462961136914
5,23,2018,334189726.90589,1258791243,265.48462961136914
5,24,2018,334189726.90589,1258791243,265.48462961136914
5,25,2018,334189726.90589,1258791243,265.48462961136914
5,26,2018,334189726.90589,1258791243,265.48462961136914
5,27,2018,334189726.90589,1258791243,265.48462961136914
5,28,2018,334189726.90589,1258791243,265.48462961136914
5,29,2018,334189726.90589,1258791243,265.48462961136914
5,30,2018,334189726.90589,1258791243,265.48462961136914
5,31,2018,334189726.90589,1258791243,265.48462961136914
6,1,2018,334189726.90589,1258791243,265.48462961136914
6,2,2018,334189726.90589,1258791243,265.48462961136914
6,3,2018,334189726.90589,1258791243,265.48462961136914
6,4,2018,334196132.96177,1258791243,265.489718664789
6,5,2018,334196132.96177,1258791243,265.489718664789
6,6,2018,334196132.96177,1258791243,265.489718664789
6,7,2018,334196132.96177,1258791243,265.489718664789
6,8,2018,334196132.96177,1258791243,265.489718664789
6,9,2018,334198856.01365,1258791243,265.4918818923258
6,10,2018,334198872.36543,1258791243,265.4918948823908
6,11,2018,334198872.36543,1258791243,265.4918948823908
6,12,2018,334198872.36543,1258791243,265.4918948823908
6,13,2018,335191216.14252996,1258791243,266.28022557869826
6,14,2018,335191216.14252996,1258791243,266.28022557869826
6,15,2018,337996824.69736,1258791243,268.5090372028907
6,16,2018,338391553.9221,1258791243,268.8226151904522
6,17,2018,341103143.36055,1258791243,270.97673681588356
6,18,2018,344269759.17284,1258791243,273.4923372618664
6,19,2018,344542311.71735996,1258791243,273.7088565187611
6,20,2018,345009526.62547,1258791243,274.0800180681508
6,21,2018,345009526.62547,1258791243,274.0800180681508
6,22,2018,345009526.62547,1258791243,274.0800180681508
6,23,2018,345009526.62547,1258791243,274.0800180681508
6,24,2018,345009526.62547,1258791243,274.0800180681508
6,25,2018,345433153.66407,1258791243,274.4165528517821
6,26,2018,345760005.46713996,1258791243,274.67620814004977
6,27,2018,345760005.46713996,1258791243,274.67620814004977
6,28,2018,345760005.46713996,1258791243,274.67620814004977
6,29,2018,345760005.46713996,1258791243,274.67620814004977
6,30,2018,345760005.46713996,1258791243,274.67620814004977
7,1,2018,345760005.46713996,1258791243,274.67620814004977
7,2,2018,345760005.46713996,1258791243,274.67620814004977
7,3,2018,345760005.46713996,1258791243,274.67620814004977
7,4,2018,352489030.17529,1258791243,280.02183216275364
7,5,2018,365957897.98625,1258791243,290.7216744804206
7,6,2018,389743920.79170996,1258791243,309.61759780188584
7,7,2018,394954886.24350995,1258791243,313.75725597060733
7,8,2018,404927937.70826,1258791243,321.6799766919414
7,9,2018,479589291.61761,1258791243,380.9919192594907
7,10,2018,479589291.61761,1258791243,380.9919192594907
7,11,2018,479589291.61761,1258791243,380.9919192594907
7,12,2018,479589291.61761,1258791243,380.9919192594907
7,13,2018,479589291.61761,1258791243,380.9919192594907
7,14,2018,479589291.61761,1258791243,380.9919192594907
7,15,2018,479589291.61761,1258791243,380.9919192594907
7,16,2018,479589291.61761,1258791243,380.9919192594907
7,17,2018,479589291.61761,1258791243,380.9919192594907
7,18,2018,479589291.61761,1258791243,380.9919192594907
7,19,2018,479589291.61761,1258791243,380.9919192594907
7,20,2018,479589291.61761,1258791243,380.9919192594907
7,21,2018,479589291.61761,1258791243,380.9919192594907
7,22,2018,479589291.61761,1258791243,380.9919192594907
7,23,2018,479589291.61761,1258791243,380.9919192594907
7,24,2018,479589291.61761,1258791243,380.9919192594907
7,25,2018,479589291.61761,1258791243,380.9919192594907
7,26,2018,479589291.61761,1258791243,380.9919192594907
7,27,2018,479589291.61761,1258791243,380.9919192594907
7,28,2018,479589291.61761,1258791243,380.9919192594907
7,29,2018,479589291.61761,1258791243,380.9919192594907
7,30,2018,479589291.61761,1258791243,380.9919192594907
7,31,2018,483211158.69036,1258791243,383.8691771788565
8,1,2018,483228589.63835996,1258791243,383.8830245487813
8,2,2018,483228589.63835996,1258791243,383.8830245487813
8,3,2018,483228589.63835996,1258791243,383.8830245487813
8,4,2018,483228589.63835996,1258791243,383.8830245487813
8,5,2018,483899757.26487,1258791243,384.4162087683589
8,6,2018,484108571.39783996,1258791243,384.5820934089863
8,7,2018,484108571.39783996,1258791243,384.5820934089863
8,8,2018,484108571.39783996,1258791243,384.5820934089863
8,9,2018,484108571.39783996,1258791243,384.5820934089863
8,10,2018,484176595.01115,1258791243,384.6361322448046
8,11,2018,519333700.89931,1258791243,412.5653906374609
8,12,2018,548634663.0562199,1258791243,435.84245291434706
8,13,2018,557395754.53428,1258791243,442.8023769897484
8,14,2018,557395754.53428,1258791243,442.8023769897484
8,15,2018,557395754.53428,1258791243,442.8023769897484
8,16,2018,557395754.53428,1258791243,442.8023769897484
8,17,2018,557395754.53428,1258791243,442.8023769897484
8,18,2018,557395754.53428,1258791243,442.8023769897484
8,19,2018,557395754.53428,1258791243,442.8023769897484
8,20,2018,557539579.05734,1258791243,442.91663304599274
8,21,2018,557539579.05734,1258791243,442.91663304599274
8,22,2018,557539579.05734,1258791243,442.91663304599274
8,23,2018,557539579.05734,1258791243,442.91663304599274
8,24,2018,557539579.05734,1258791243,442.91663304599274
8,25,2018,557539579.05734,1258791243,442.91663304599274
8,26,2018,557539579.05734,1258791243,442.91663304599274
8,27,2018,557539579.05734,1258791243,442.91663304599274
8,28,2018,557539579.05734,1258791243,442.91663304599274
8,29,2018,557539579.05734,1258791243,442.91663304599274
8,30,2018,557539579.05734,1258791243,442.91663304599274
8,31,2018,557539579.05734,1258791243,442.91663304599274
9,1,2018,557539579.05734,1258791243,442.91663304599274
9,2,2018,557702468.67591,1258791243,443.04603466002186
9,3,2018,610811522.84449,1258791243,485.23655232044706
9,4,2018,686566539.46573,1258791243,545.4173146529666
9,5,2018,687724239.98815,1258791243,546.3370068806158
9,6,2018,725289639.31514,1258791243,576.1794446445318
9,7,2018,736731789.39349,1258791243,585.2692362537272
9,8,2018,768069103.78353,1258791243,610.1640030105691
9,9,2018,870858018.87894,1258791243,691.8208429886098
9,10,2018,921828146.16607,1258791243,732.3121695453914
9,11,2018,923289491.51327,1258791243,733.4730811384188
9,12,2018,926504463.38316,1258791243,736.0270962602812
9,13,2018,931215763.52472,1258791243,739.7698138615983
9,14,2018,940911792.90187,1258791243,747.4724646633643
9,15,2018,997303317.86293006,1258791243,792.2706194603945
9,16,2018,1058201070.43343,1258791243,840.6485795940907
9,17,2018,1060020948.73262,1258791243,842.0943143887283
9,18,2018,1063965639.82298,1258791243,845.2280278716397
9,19,2018,1063965639.82298,1258791243,845.2280278716397
9,20,2018,1067057928.35658,1258791243,847.6845817687183
9,21,2018,1068090036.52033,1258791243,848.5045018066828
9,22,2018,1144021541.84446,1258791243,908.8254690412238
9,23,2018,1144021541.84446,1258791243,908.8254690412238
9,24,2018,1144021541.84446,1258791243,908.8254690412238
9,25,2018,1144021541.84446,1258791243,908.8254690412238
9,26,2018,1145441034.77875,1258791243,909.9531325376006
9,27,2018,1145441034.77875,1258791243,909.9531325376006
9,28,2018,1145441034.77875,1258791243,909.9531325376006
9,29,2018,1160941766.91224,1258791243,922.2671140811551
9,30,2018,1161380032.62249,1258791243,922.6152780143625
10,1,2018,1161920553.28339,1258791243,923.0446745993053
10,2,2018,1168001647.00328,1258791243,927.8755738875758
10,3,2018,1168164457.27991,1258791243,928.0049124713446
10,4,2018,1168164457.27991,1258791243,928.0049124713446
10,5,2018,1168164457.27991,1258791243,928.0049124713446
10,6,2018,1168377025.34004,1258791243,928.173779280128
10,7,2018,1170437118.27912,1258791243,929.8103436831105
10,8,2018,1178445898.51936,1258791243,936.1726220074762
10,9,2018,1230621258.14463,1258791243,977.6214006794055
10,10,2018,1230621258.14463,1258791243,977.6214006794055
10,11,2018,1232728966.6708,1258791243,979.2957915189436
10,12,2018,1232728966.6708,1258791243,979.2957915189436
10,13,2018,1236854523.57619,1258791243,982.5731871382187
10,14,2018,1236854523.57619,1258791243,982.5731871382187
10,15,2018,1263451974.84611,1258791243,1003.7025454951549
10,16,2018,1290741634.4364,1258791243,1025.3818030702648
10,17,2018,1291380709.64732,1258791243,1025.8894926609528
10,18,2018,1315543962.73842,1258791243,1045.085092587048
10,19,2018,1321713985.57362,1258791243,1049.986638311576
10,20,2018,1321723925.9481301,1258791243,1049.9945350733028
10,21,2018,1321723925.9481301,1258791243,1049.9945350733028
10,22,2018,1332350388.26329,1258791243,1058.4363338022442
10,23,2018,1346298479.16619,1258791243,1069.5168771254232
10,24,2018,1364776417.34367,1258791243,1084.1959895519149
10,25,2018,1364776417.34367,1258791243,1084.1959895519149
10,26,2018,1364776417.34367,1258791243,1084.1959895519149
10,27,2018,1364776417.34367,1258791243,1084.1959895519149
10,28,2018,1364776417.34367,1258791243,1084.1959895519149
10,29,2018,1364776417.34367,1258791243,1084.1959895519149
10,30,2018,1364776417.34367,1258791243,1084.1959895519149
10,31,2018,1374478782.06322,1258791243,1091.9036732314003
11,1,2018,1377673401.97921,1258791243,1094.441520498574
11,2,2018,1377673401.97921,1258791243,1094.441520498574
11,3,2018,1377673401.97921,1258791243,1094.441520498574
11,4,2018,1377734085.04139,1258791243,1094.4897279058923
11,5,2018,1377734085.04139,1258791243,1094.4897279058923
11,6,2018,1377734085.04139,1258791243,1094.4897279058923
11,7,2018,1377734085.04139,1258791243,1094.4897279058923
11,8,2018,1377753500.01002,1258791243,1094.5051514073966
11,9,2018,1386376199.5073,1258791243,1101.3551351082126
11,10,2018,1389042607.08953,1258791243,1103.4733636842832
11,11,2018,1389284909.74845,1258791243,1103.6658520418782
11,12,2018,1393169210.83021,1258791243,1106.7515909230153
11,13,2018,1393285942.1665,1258791243,1106.844323802227
11,14,2018,1393285942.1665,1258791243,1106.844323802227
11,15,2018,1393285942.1665,1258791243,1106.844323802227
11,16,2018,1393285942.1665,1258791243,1106.844323802227
11,17,2018,1393285942.1665,1258791243,1106.844323802227
11,18,2018,1393851336.41946,1258791243,1107.2934802895354
11,19,2018,1393876371.25218,1258791243,1107.3133682835607
11,20,2018,1393876371.25218,1258791243,1107.3133682835607
11,21,2018,1393900016.44436,1258791243,1107.3321523292168
11,22,2018,1393900016.44436,1258791243,1107.3321523292168
11,23,2018,1393900016.44436,1258791243,1107.3321523292168
11,24,2018,1393900016.44436,1258791243,1107.3321523292168
11,25,2018,1393900016.44436,1258791243,1107.3321523292168
11,26,2018,1394653957.22161,1258791243,1107.9310926073945
11,27,2018,1394653957.22161,1258791243,1107.9310926073945
11,28,2018,1394653957.22161,1258791243,1107.9310926073945
11,29,2018,1394653957.22161,1258791243,1107.9310926073945
11,30,2018,1394676040.48151,1258791243,1107.9486358339007
12,1,2018,1394688955.8975,1258791243,1107.958896006953
12,2,2018,1394688955.8975,1258791243,1107.958896006953
12,3,2018,1394688955.8975,1258791243,1107.958896006953
12,4,2018,1394707018.90803,1258791243,1107.9732454955042
12,5,2018,1394707018.90803,1258791243,1107.9732454955042
12,6,2018,1395690043.00544,1258791243,1108.7541725180558
12,7,2018,1424448646.77775,1258791243,1131.600378298588
12,8,2018,1439294034.93595,1258791243,1143.3937461351961
12,9,2018,1439294034.93595,1258791243,1143.3937461351961
12,10,2018,1439294034.93595,1258791243,1143.3937461351961
12,11,2018,1439294034.93595,1258791243,1143.3937461351961
12,12,2018,1439294034.93595,1258791243,1143.3937461351961
12,13,2018,1439294034.93595,1258791243,1143.3937461351961
12,14,2018,1439294034.93595,1258791243,1143.3937461351961
12,15,2018,1439294034.93595,1258791243,1143.3937461351961
12,16,2018,1439294034.93595,1258791243,1143.3937461351961
12,17,2018,1439294034.93595,1258791243,1143.3937461351961
12,18,2018,1439294034.93595,1258791243,1143.3937461351961
12,19,2018,1439865324.26834,1258791243,1143.8475857496412
12,20,2018,1439865324.26834,1258791243,1143.8475857496412
12,21,2018,1439865324.26834,1258791243,1143.8475857496412
12,22,2018,1439865324.26834,1258791243,1143.8475857496412
12,23,2018,1439865324.26834,1258791243,1143.8475857496412
12,24,2018,1439865324.26834,1258791243,1143.8475857496412
12,25,2018,1439865324.26834,1258791243,1143.8475857496412
12,26,2018,1451658304.22941,1258791243,1153.2160811428603
12,27,2018,1474318234.72061,1258791243,1171.217422204938
12,28,2018,1474318234.72061,1258791243,1171.217422204938
12,29,2018,1474322440.05647,1258791243,1171.220762977988
12,30,2018,1476575411.33106,1258791243,1173.0105524185474
12,31,2018,1478009232.63227,1258791243,1174.1495985544207
1,1,2019,0,1258791243,0
1,2,2019,12464562.84819,1258791243,9.902009501181444
1,3,2019,12850372.32931,1258791243,10.208501529359623
1,4,2019,12868586.27382,1258791243,10.222970921811536
1,5,2019,12868586.27382,1258791243,10.222970921811536
1,6,2019,12868586.27382,1258791243,10.222970921811536
1,7,2019,12901981.51773,1258791243,10.249500534323307
1,8,2019,12901981.51773,1258791243,10.249500534323307
1,9,2019,12901981.51773,1258791243,10.249500534323307
1,10,2019,14003792.20356,1258791243,11.124793154888511
1,11,2019,16705008.88033,1258791243,13.270674524647928
1,12,2019,19873965.63496,1258791243,15.788134645420314
1,13,2019,19873965.63496,1258791243,15.788134645420314
1,14,2019,19873965.63496,1258791243,15.788134645420314
1,15,2019,21984880.57712,1258791243,17.465072703178947
1,16,2019,22016090.31617,1258791243,17.489866122440127
1,17,2019,22016090.31617,1258791243,17.489866122440127
1,18,2019,22030506.28611,1258791243,17.501318354905333
1,19,2019,22030506.28611,1258791243,17.501318354905333
1,20,2019,22030506.28611,1258791243,17.501318354905333
1,21,2019,22030506.28611,1258791243,17.501318354905333
1,22,2019,22057660.149469998,1258791243,17.522889734203527
1,23,2019,24917918.8899,1258791243,19.79511617074381
1,24,2019,24917918.8899,1258791243,19.79511617074381
1,25,2019,24917918.8899,1258791243,19.79511617074381
1,26,2019,24927305.099689998,1258791243,19.802572696869323
1,27,2019,28104329.44094,1258791243,22.326441812512673
1,28,2019,28104329.44094,1258791243,22.326441812512673
1,29,2019,28104329.44094,1258791243,22.326441812512673
1,30,2019,28104329.44094,1258791243,22.326441812512673
1,31,2019,28657138.56864,1258791243,22.765600513984513
2,1,2019,29369973.25395,1258791243,23.33188558251672
2,2,2019,29407674.72386,1258791243,23.361836116506886
2,3,2019,29435322.9776,1258791243,23.38380024589987
2,4,2019,31546810.80021,1258791243,25.0611934072773
2,5,2019,31546810.80021,1258791243,25.0611934072773
2,6,2019,31546810.80021,1258791243,25.0611934072773
2,7,2019,31573207.588659998,1258791243,25.082163356501837
2,8,2019,34892332.71086,1258791243,27.718919165423525
2,9,2019,39911244.8839,1258791243,31.70600773229243
2,10,2019,40226715.70014,1258791243,31.956621817824328
2,11,2019,41751988.32625,1258791243,33.16831806578591
2,12,2019,43533033.04542,1258791243,34.58320296355922
2,13,2019,43533033.04542,1258791243,34.58320296355922
2,14,2019,43533033.04542,1258791243,34.58320296355922
2,15,2019,43533033.04542,1258791243,34.58320296355922
2,16,2019,43533033.04542,1258791243,34.58320296355922
2,17,2019,43533033.04542,1258791243,34.58320296355922
2,18,2019,43533033.04542,1258791243,34.58320296355922
2,19,2019,43533033.04542,1258791243,34.58320296355922
2,20,2019,44053001.86589,1258791243,34.99627290137575
2,21,2019,44053001.86589,1258791243,34.99627290137575
2,22,2019,44114762.88831,1258791243,35.045336654212804
2,23,2019,44211338.8044,1258791243,35.12205780764238
2,24,2019,44211338.8044,1258791243,35.12205780764238
2,25,2019,44211338.8044,1258791243,35.12205780764238
2,26,2019,44607326.511149995,1258791243,35.4366355495452
2,27,2019,44607326.511149995,1258791243,35.4366355495452
2,28,2019,45677515.24034,1258791243,36.28680727987874
3,1,2019,46123917.53199,1258791243,36.64143501830033
3,2,2019,46848013.929409996,1258791243,37.216666536192285
3,3,2019,47668680.84822,1258791243,37.868614921894554
3,4,2019,47668680.84822,1258791243,37.868614921894554
3,5,2019,47668680.84822,1258791243,37.868614921894554
3,6,2019,47668680.84822,1258791243,37.868614921894554
3,7,2019,47668680.84822,1258791243,37.868614921894554
3,8,2019,47668680.84822,1258791243,37.868614921894554
3,9,2019,47668680.84822,1258791243,37.868614921894554
3,10,2019,47668680.84822,1258791243,37.868614921894554
3,11,2019,47687749.895619996,1258791243,37.88376361911186
3,12,2019,47721028.698359996,1258791243,37.91020072925627
3,13,2019,54338203.404879995,1258791243,43.16696966796423
3,14,2019,54338203.404879995,1258791243,43.16696966796423
3,15,2019,54338203.404879995,1258791243,43.16696966796423
3,16,2019,54357593.836849995,1258791243,43.18237367722933
3,17,2019,54357593.836849995,1258791243,43.18237367722933
3,18,2019,54357593.836849995,1258791243,43.18237367722933
3,19,2019,54390237.85731,1258791243,43.20830650814275
3,20,2019,54390237.85731,1258791243,43.20830650814275
3,21,2019,62434112.27158,1258791243,49.59846409702105
3,22,2019,62434112.27158,1258791243,49.59846409702105
3,23,2019,62434863.50869,1258791243,49.59906088947109
3,24,2019,62434863.50869,1258791243,49.59906088947109
3,25,2019,62434863.50869,1258791243,49.59906088947109
3,26,2019,62434863.50869,1258791243,49.59906088947109
3,27,2019,62434863.50869,1258791243,49.59906088947109
3,28,2019,62647065.4812,1258791243,49.767636873527245
3,29,2019,62661684.9504,1258791243,49.77925076842944
3,30,2019,62661684.9504,1258791243,49.77925076842944
3,31,2019,62661684.9504,1258791243,49.77925076842944
4,1,2019,62661684.9504,1258791243,49.77925076842944
4,2,2019,62661684.9504,1258791243,49.77925076842944
4,3,2019,62713490.30919,1258791243,49.82040561366536
4,5,2019,62713490.30919,1258791243,49.82040561366536
4,6,2019,66661199.47198,1258791243,52.95651669224394
4,7,2019,105104420.33625,1258791243,83.49630720798557
4,8,2019,105104420.33625,1258791243,83.49630720798557
4,9,2019,105104420.33625,1258791243,83.49630720798557
4,10,2019,105104420.33625,1258791243,83.49630720798557
4,11,2019,105104420.33625,1258791243,83.49630720798557
4,12,2019,105104420.33625,1258791243,83.49630720798557
4,13,2019,130667490.54096,1258791243,103.80393990472017
4,14,2019,130667490.54096,1258791243,103.80393990472017
4,15,2019,130667490.54096,1258791243,103.80393990472017
4,16,2019,130667490.54096,1258791243,103.80393990472017
4,17,2019,130667490.54096,1258791243,103.80393990472017
4,18,2019,151343761.16427,1258791243,120.22943598144337
4,19,2019,151349574.94902,1258791243,120.23405452703804
4,20,2019,151349574.94902,1258791243,120.23405452703804
4,21,2019,151349574.94902,1258791243,120.23405452703804
4,22,2019,151349574.94902,1258791243,120.23405452703804
4,23,2019,151718230.924,1258791243,120.52691958868353
4,24,2019,192212915.30933002,1258791243,152.69641918642583
4,25,2019,192212915.30933002,1258791243,152.69641918642583
4,26,2019,192212915.30933002,1258791243,152.69641918642583
4,27,2019,192212915.30933002,1258791243,152.69641918642583
4,28,2019,192212915.30933002,1258791243,152.69641918642583
4,29,2019,192212915.30933002,1258791243,152.69641918642583
4,30,2019,192823918.5432,1258791243,153.1818080364577
5,1,2019,193099801.96732,1258791243,153.40097338707017
5,2,2019,193297228.51869,1258791243,153.55781158599146
5,3,2019,238803580.94489,1258791243,189.70864491856813
5,4,2019,267489517.34756002,1258791243,212.4971228033559
5,5,2019,267489517.34756002,1258791243,212.4971228033559
5,6,2019,273891675.16291,1258791243,217.58307955031586
5,7,2019,273946389.52752,1258791243,217.6265453472971
5,8,2019,296768129.98406,1258791243,235.75643033295236
5,9,2019,315139129.83174,1258791243,250.35058957090317
5,10,2019,317574231.17905,1258791243,252.2850654904421
5,11,2019,317723739.71352,1258791243,252.40383699866587
5,12,2019,317731199.73827,1258791243,252.40976333855065
5,13,2019,317731199.73827,1258791243,252.40976333855065
5,14,2019,318526225.37488,1258791243,253.0413419589383
5,15,2019,319871129.61778003,1258791243,254.10975123679032
5,16,2019,319871129.61778003,1258791243,254.10975123679032
5,17,2019,319931737.02036,1258791243,254.1578985391464
5,18,2019,327682162.66689,1258791243,260.3149366418734
5,19,2019,328035323.45867,1258791243,260.5954921301196
5,20,2019,328035329.26031,1258791243,260.5954967390173
5,21,2019,331107190.26608,1258791243,263.0358227445025
5,22,2019,331107190.26608,1258791243,263.0358227445025
5,23,2019,331107190.26608,1258791243,263.0358227445025
5,24,2019,331107190.26608,1258791243,263.0358227445025
5,25,2019,331707540.96746,1258791243,263.5127490853223
5,26,2019,331707540.96746,1258791243,263.5127490853223
5,27,2019,331707540.96746,1258791243,263.5127490853223
5,28,2019,333772710.99069,1258791243,265.1533467894406
5,29,2019,333938735.66473,1258791243,265.2852389319728
5,30,2019,335305878.99832,1258791243,266.3713152303205
5,31,2019,340219736.21611,1258791243,270.274946785684
6,1,2019,340219736.21611,1258791243,270.274946785684
6,2,2019,340223536.55083,1258791243,270.2779658206043
6,3,2019,340246524.50288,1258791243,270.2962277462236
6,4,2019,349937325.79235,1258791243,277.994725287702
6,5,2019,349990029.88967,1258791243,278.03659410241863
6,6,2019,355511573.96183,1258791243,282.42297993316276
6,7,2019,355515584.92008,1258791243,282.4261662901321
6,8,2019,355515584.92008,1258791243,282.4261662901321
6,9,2019,355515584.92008,1258791243,282.4261662901321
6,10,2019,380772721.62244,1258791243,302.49076146650634
6,11,2019,391295114.9637,1258791243,310.8498864602445
6,12,2019,391368316.53898,1258791243,310.9080387358399
6,13,2019,391368316.53898,1258791243,310.9080387358399
6,14,2019,391368316.53898,1258791243,310.9080387358399
6,15,2019,391368316.53898,1258791243,310.9080387358399
6,16,2019,391368316.53898,1258791243,310.9080387358399
6,17,2019,426895641.02728003,1258791243,339.13140355972433
6,18,2019,426895641.02728003,1258791243,339.13140355972433
6,19,2019,426895641.02728003,1258791243,339.13140355972433
6,20,2019,426895641.02728003,1258791243,339.13140355972433
6,21,2019,426895641.02728003,1258791243,339.13140355972433
6,22,2019,441839987.15608,1258791243,351.00338488458965
6,23,2019,441841595.69457,1258791243,351.00466272831386
6,24,2019,442965237.23046,1258791243,351.89729805775266
6,25,2019,443154510.61574,1258791243,352.0476592763682
6,26,2019,453068514.19762003,1258791243,359.92347159791933
6,27,2019,467005591.90122,1258791243,370.9952658935204
6,28,2019,467005591.90122,1258791243,370.9952658935204
6,29,2019,467005591.90122,1258791243,370.9952658935204
6,30,2019,487153146.07675,1258791243,387.0007428044604
7,1,2019,487153146.07675,1258791243,387.0007428044604
7,2,2019,487153146.07675,1258791243,387.0007428044604
7,3,2019,487846133.97408,1258791243,387.5512613286268
7,4,2019,487892525.54389,1258791243,387.5881153900671
7,5,2019,487892525.54389,1258791243,387.5881153900671
7,6,2019,487892525.54389,1258791243,387.5881153900671
7,7,2019,487892525.54389,1258791243,387.5881153900671
7,8,2019,487892525.54389,1258791243,387.5881153900671
7,9,2019,488534090.51892,1258791243,388.09778288147817
7,10,2019,488539249.97998,1258791243,388.1018816238937
7,11,2019,488774202.75159,1258791243,388.2885311362068
7,12,2019,490659077.75876,1258791243,389.78590015402574
7,13,2019,491151974.80774,1258791243,390.1774639273845
7,14,2019,491184766.65266,1258791243,390.20351419195566
7,15,2019,503091439.14624,1258791243,399.6623283994676
7,16,2019,503091439.14624,1258791243,399.6623283994676
7,17,2019,503091439.14624,1258791243,399.6623283994676
7,18,2019,503091439.14624,1258791243,399.6623283994676
7,19,2019,503091439.14624,1258791243,399.6623283994676
7,20,2019,503091439.14624,1258791243,399.6623283994676
7,21,2019,503091439.14624,1258791243,399.6623283994676
7,22,2019,503091439.14624,1258791243,399.6623283994676
7,23,2019,503091439.14624,1258791243,399.6623283994676
7,24,2019,503091439.14624,1258791243,399.6623283994676
7,25,2019,503091439.14624,1258791243,399.6623283994676
7,26,2019,503091439.14624,1258791243,399.6623283994676
7,27,2019,503091439.14624,1258791243,399.6623283994676
7,28,2019,503091439.14624,1258791243,399.6623283994676
7,29,2019,503091439.14624,1258791243,399.6623283994676
7,30,2019,503091439.14624,1258791243,399.6623283994676
7,31,2019,503091439.14624,1258791243,399.6623283994676
8,1,2019,503091439.14624,1258791243,399.6623283994676
8,2,2019,503091439.14624,1258791243,399.6623283994676
8,3,2019,503091439.14624,1258791243,399.6623283994676
8,4,2019,507114136.97047,1258791243,402.8580114379379
8,5,2019,508085842.26338,1258791243,403.6299466561987
8,6,2019,509753642.31362003,1258791243,404.9548685282839
8,7,2019,509753642.31362003,1258791243,404.9548685282839
8,8,2019,509753642.31362003,1258791243,404.9548685282839
8,9,2019,509753642.31362003,1258791243,404.9548685282839
8,10,2019,509753642.31362003,1258791243,404.9548685282839
8,11,2019,509753642.31362003,1258791243,404.9548685282839
8,12,2019,509753642.31362003,1258791243,404.9548685282839
8,13,2019,509753642.31362003,1258791243,404.9548685282839
8,14,2019,509758590.62346,1258791243,404.9587995294467
8,15,2019,520068197.71964,1258791243,413.14888438546285
8,16,2019,520068197.71964,1258791243,413.14888438546285
8,17,2019,520068197.71964,1258791243,413.14888438546285
8,18,2019,520068197.71964,1258791243,413.14888438546285
8,19,2019,520068197.71964,1258791243,413.14888438546285
8,20,2019,520068197.71964,1258791243,413.14888438546285
8,21,2019,520068197.71964,1258791243,413.14888438546285
8,22,2019,520068197.71964,1258791243,413.14888438546285
8,23,2019,520657484.53913003,1258791243,413.61702143580135
8,24,2019,527218775.55715,1258791243,418.8293956515473
8,25,2019,531109951.07923,1258791243,421.92059567674477
8,26,2019,531109951.07923,1258791243,421.92059567674477
8,27,2019,531109951.07923,1258791243,421.92059567674477
8,28,2019,531109951.07923,1258791243,421.92059567674477
8,29,2019,531109951.07923,1258791243,421.92059567674477
8,30,2019,531109951.07923,1258791243,421.92059567674477
8,31,2019,531111610.89273,1258791243,421.92191425399835
9,1,2019,535961760.47409,1258791243,425.77493564124677
9,2,2019,536085319.38574,1258791243,425.87309243439023
9,3,2019,536085319.38574,1258791243,425.87309243439023
9,4,2019,536085319.38574,1258791243,425.87309243439023
9,5,2019,537777905.45543,1258791243,427.21770464002987
9,6,2019,538300442.91703,1258791243,427.6328151394917
9,7,2019,538300442.91703,1258791243,427.6328151394917
9,8,2019,538300442.91703,1258791243,427.6328151394917
9,9,2019,538674431.47243,1258791243,427.9299164718053
9,10,2019,541180234.63781,1258791243,429.92055882756887
9,11,2019,562795723.83517,1258791243,447.0921822540594
9,12,2019,564625548.4616,1258791243,448.5458185393493
9,13,2019,564625548.4616,1258791243,448.5458185393493
9,14,2019,564625548.4616,1258791243,448.5458185393493
9,15,2019,564631592.87413,1258791243,448.5506202986272
9,16,2019,564631592.87413,1258791243,448.5506202986272
9,17,2019,564631592.87413,1258791243,448.5506202986272
9,18,2019,565021005.89525,1258791243,448.8599750254618
9,19,2019,565795100.0321,1258791243,449.47492539245445
9,20,2019,572799272.45772,1258791243,455.0391303109185
9,21,2019,572904901.15335,1258791243,455.12304310918216
9,22,2019,573248484.94832,1258791243,455.3959905076334
9,23,2019,573248484.94832,1258791243,455.3959905076334
9,24,2019,573248517.46982,1258791243,455.3960163431325
9,25,2019,573265627.30891,1258791243,455.40960861999736
9,26,2019,573265627.30891,1258791243,455.40960861999736
9,27,2019,573265627.30891,1258791243,455.40960861999736
9,28,2019,573265627.30891,1258791243,455.40960861999736
9,29,2019,573481496.64117,1258791243,455.5810980019425
9,30,2019,576579775.03888,1258791243,458.0424103243305
10,1,2019,580349560.01905,1258791243,461.03717613727474
10,2,2019,580393706.20739,1258791243,461.0722464387131
10,3,2019,580393706.20739,1258791243,461.0722464387131
10,4,2019,580419749.49667,1258791243,461.0929355636374
10,5,2019,580419749.49667,1258791243,461.0929355636374
10,6,2019,580419749.49667,1258791243,461.0929355636374
10,7,2019,580570528.44436,1258791243,461.2127163045096
10,8,2019,580570528.44436,1258791243,461.2127163045096
10,9,2019,580570528.44436,1258791243,461.2127163045096
10,10,2019,580570528.44436,1258791243,461.2127163045096
10,11,2019,582065236.33669,1258791243,462.40013153371603
10,12,2019,582068555.96369,1258791243,462.40276868822326
10,13,2019,582478230.10223,1258791243,462.7282191080749
10,14,2019,582528194.4169,1258791243,462.76791140411524
10,15,2019,583008933.82578,1258791243,463.14981699136274
10,16,2019,615557617.16039,1258791243,489.0069108626537
10,17,2019,615557617.16039,1258791243,489.0069108626537
10,18,2019,615557617.16039,1258791243,489.0069108626537
10,19,2019,615557617.16039,1258791243,489.0069108626537
10,20,2019,615557617.16039,1258791243,489.0069108626537
10,21,2019,619296669.07642,1258791243,491.9772619330336
10,22,2019,619296669.07642,1258791243,491.9772619330336
10,23,2019,619296669.07642,1258791243,491.9772619330336
10,24,2019,619374521.80183,1258791243,492.0391091422854
10,25,2019,641077882.85971,1258791243,509.280539108191
10,26,2019,641077882.85971,1258791243,509.280539108191
10,27,2019,641077882.85971,1258791243,509.280539108191
10,28,2019,641077882.85971,1258791243,509.280539108191
10,29,2019,642116082.18846,1258791243,510.10529804619875
10,30,2019,647387325.56933,1258791243,514.2928417792702
10,31,2019,647520891.4624,1258791243,514.3989482475292
11,1,2019,647520891.4624,1258791243,514.3989482475292
11,2,2019,647520891.4624,1258791243,514.3989482475292
11,3,2019,647520891.4624,1258791243,514.3989482475292
11,4,2019,647520891.4624,1258791243,514.3989482475292
11,5,2019,647520891.4624,1258791243,514.3989482475292
11,6,2019,647666217.34084,1258791243,514.5143969998527
11,7,2019,653589856.63283,1258791243,519.2202124596683
11,8,2019,659596035.69,1258791243,523.9915985735851
11,9,2019,659596035.69,1258791243,523.9915985735851
11,10,2019,659596035.69,1258791243,523.9915985735851
11,11,2019,659600511.24747,1258791243,523.9951540141672
11,12,2019,668810085.34023,1258791243,531.3113584634541
11,13,2019,671024491.46016,1258791243,533.0705112477176
11,14,2019,675911385.16048,1258791243,536.9527226370132
11,15,2019,675911385.16048,1258791243,536.9527226370132
11,16,2019,675911385.16048,1258791243,536.9527226370132
11,17,2019,675911385.16048,1258791243,536.9527226370132
11,18,2019,675911385.16048,1258791243,536.9527226370132
11,19,2019,675911385.16048,1258791243,536.9527226370132
11,20,2019,675911385.16048,1258791243,536.9527226370132
11,21,2019,675911385.16048,1258791243,536.9527226370132
11,22,2019,675911385.16048,1258791243,536.9527226370132
11,23,2019,675911385.16048,1258791243,536.9527226370132
11,24,2019,675911385.16048,1258791243,536.9527226370132
11,25,2019,675911385.16048,1258791243,536.9527226370132
11,26,2019,676266677.7973,1258791243,537.2349716904569
11,27,2019,676266677.7973,1258791243,537.2349716904569
11,28,2019,676266677.7973,1258791243,537.2349716904569
11,29,2019,676460721.76563,1258791243,537.3891227217808
11,30,2019,676536566.97025,1258791243,537.4493751306228
12,1,2019,676536566.97025,1258791243,537.4493751306228
12,2,2019,676536566.97025,1258791243,537.4493751306228
12,3,2019,676536566.97025,1258791243,537.4493751306228
12,4,2019,676536566.97025,1258791243,537.4493751306228
12,5,2019,676536566.97025,1258791243,537.4493751306228
12,6,2019,676536566.97025,1258791243,537.4493751306228
12,7,2019,676536566.97025,1258791243,537.4493751306228
12,8,2019,676536566.97025,1258791243,537.4493751306228
12,9,2019,676536566.97025,1258791243,537.4493751306228
12,10,2019,681193153.22476,1258791243,541.1486273143387
12,11,2019,681193153.22476,1258791243,541.1486273143387
12,12,2019,681193153.22476,1258791243,541.1486273143387
12,13,2019,681193153.22476,1258791243,541.1486273143387
12,14,2019,681193153.22476,1258791243,541.1486273143387
12,15,2019,681193153.22476,1258791243,541.1486273143387
12,16,2019,681193904.46187,1258791243,541.1492241067886
12,17,2019,681193904.46187,1258791243,541.1492241067886
12,18,2019,681193904.46187,1258791243,541.1492241067886
12,19,2019,681193904.46187,1258791243,541.1492241067886
12,20,2019,682196498.1823,1258791243,541.9456974902866
12,21,2019,682196498.1823,1258791243,541.9456974902866
12,22,2019,682196498.1823,1258791243,541.9456974902866
12,23,2019,682196498.1823,1258791243,541.9456974902866
12,24,2019,682196498.1823,1258791243,541.9456974902866
12,25,2019,682196498.1823,1258791243,541.9456974902866
12,26,2019,682196498.1823,1258791243,541.9456974902866
12,27,2019,682197538.52705,1258791243,541.946523953575
12,28,2019,682537776.67221,1258791243,542.2168135246632
12,29,2019,682537782.47385,1258791243,542.2168181335608
12,30,2019,682537782.47385,1258791243,542.2168181335608
12,31,2019,682537782.47385,1258791243,542.2168181335608
1,1,2020,0,1258791243,0
1,2,2020,1434.8783,1258791243,0.0011398858293455733
1,3,2020,1434.8783,1258791243,0.0011398858293455733
1,4,2020,1434.8783,1258791243,0.0011398858293455733
1,5,2020,1434.8783,1258791243,0.0011398858293455733
1,6,2020,1434.8783,1258791243,0.0011398858293455733
1,7,2020,1434.8783,1258791243,0.0011398858293455733
1,8,2020,1434.8783,1258791243,0.0011398858293455733
1,9,2020,1434.8783,1258791243,0.0011398858293455733
1,10,2020,170923.56705,1258791243,0.13578388632784602
1,11,2020,21533006.10869,1258791243,17.10609779694027
1,12,2020,21533006.10869,1258791243,17.10609779694027
1,13,2020,21533006.10869,1258791243,17.10609779694027
1,14,2020,21563615.60695,1258791243,17.130414377175644
1,15,2020,21659507.506049998,1258791243,17.20659213868554
1,16,2020,51025538.58987,1258791243,40.535346010402776
1,17,2020,77516850.3644,1258791243,61.58038578315721
1,18,2020,79075844.31076,1258791243,62.81887068288097
1,19,2020,79075844.31076,1258791243,62.81887068288097
1,20,2020,79075844.31076,1258791243,62.81887068288097
1,21,2020,79075844.31076,1258791243,62.81887068288097
1,22,2020,90129493.49545,1258791243,71.60003217106112
1,23,2020,90165921.38447,1258791243,71.62897095596493
1,24,2020,90165921.38447,1258791243,71.62897095596493
1,25,2020,90165921.38447,1258791243,71.62897095596493
1,26,2020,90290252.77919,1258791243,71.72774141962314
1,27,2020,90290252.77919,1258791243,71.72774141962314
1,28,2020,102505521.26622,1258791243,81.43170826476747
1,29,2020,102505521.26622,1258791243,81.43170826476747
1,30,2020,102509172.90622,1258791243,81.43460917468425
1,31,2020,102509172.90622,1258791243,81.43460917468425
2,1,2020,102509172.90622,1258791243,81.43460917468425
2,2,2020,102509172.90622,1258791243,81.43460917468425
2,3,2020,104202978.74349,1258791243,82.78019037942258
2,4,2020,104202978.74349,1258791243,82.78019037942258
2,5,2020,104202978.74349,1258791243,82.78019037942258
2,6,2020,104710312.83969,1258791243,83.18322312930962
2,7,2020,104710312.83969,1258791243,83.18322312930962
2,8,2020,104710312.83969,1258791243,83.18322312930962
2,9,2020,104791722.55103,1258791243,83.24789605406397
2,10,2020,106552719.39987001,1258791243,84.64685466505902
2,11,2020,107347504.16758001,1258791243,85.27824193608568
2,12,2020,135441525.20899,1258791243,107.59649462304847
2,13,2020,135441525.20899,1258791243,107.59649462304847
2,14,2020,135441525.20899,1258791243,107.59649462304847
2,15,2020,135441525.20899,1258791243,107.59649462304847
2,16,2020,135441525.20899,1258791243,107.59649462304847
2,17,2020,135441525.20899,1258791243,107.59649462304847
2,18,2020,135459739.1535,1258791243,107.61096401550039
2,19,2020,135464380.65269,1258791243,107.61465128232544
2,20,2020,135729242.59678,1258791243,107.82506102704116
2,21,2020,135729242.59678,1258791243,107.82506102704116
2,22,2020,135729242.59678,1258791243,107.82506102704116
2,23,2020,135729242.59678,1258791243,107.82506102704116
2,24,2020,135729242.59678,1258791243,107.82506102704116
2,25,2020,135729242.59678,1258791243,107.82506102704116
2,26,2020,135729242.59678,1258791243,107.82506102704116
2,27,2020,135729242.59678,1258791243,107.82506102704116
2,28,2020,135729242.59678,1258791243,107.82506102704116
2,29,2020,135729297.70534,1258791243,107.82510480599204
3,1,2020,135729297.70534,1258791243,107.82510480599204
3,2,2020,135729297.70534,1258791243,107.82510480599204
3,3,2020,135736664.40565,1258791243,107.83095700773792
3,4,2020,155302223.01418,1258791243,123.37408913336395
3,5,2020,155302223.01418,1258791243,123.37408913336395
3,6,2020,155302223.01418,1258791243,123.37408913336395
3,7,2020,156031442.48526,1258791243,123.95339048705156
3,8,2020,156031442.48526,1258791243,123.95339048705156
3,9,2020,159060473.7369,1258791243,126.35969198341493
3,10,2020,159060473.7369,1258791243,126.35969198341493
3,11,2020,159060473.7369,1258791243,126.35969198341493
3,12,2020,159060473.7369,1258791243,126.35969198341493
3,13,2020,159060473.7369,1258791243,126.35969198341493
3,14,2020,159075985.29544,1258791243,126.37201456559544
3,15,2020,159255812.49701,1258791243,126.5148716140298
3,16,2020,164424696.96348,1258791243,130.62110010522213
3,17,2020,164424696.96348,1258791243,130.62110010522213
3,18,2020,171717051.48381,1258791243,136.4142405968501
3,19,2020,172273645.95829,1258791243,136.8564064266294
3,20,2020,178609211.01584,1258791243,141.88946102784413
3,21,2020,184762733.45196,1258791243,146.7778986225121
3,22,2020,188736005.45855,1258791243,149.93431715392862
3,23,2020,188736005.45855,1258791243,149.93431715392862
3,24,2020,188736005.45855,1258791243,149.93431715392862
3,25,2020,188736060.56711,1258791243,149.93436093287949
3,26,2020,188736060.56711,1258791243,149.93436093287949
3,27,2020,188736060.56711,1258791243,149.93436093287949
3,28,2020,188826103.91917,1258791243,150.0058925331831
3,29,2020,188826103.91917,1258791243,150.0058925331831
3,30,2020,189028793.09408,1258791243,150.1669114281247
3,31,2020,189028793.09408,1258791243,150.1669114281247
4,1,2020,189028793.09408,1258791243,150.1669114281247
4,2,2020,189867467.54157,1258791243,150.83316522688108
4,3,2020,197974065.20116,1258791243,157.27315097087947
4,4,2020,228540418.65623,1258791243,181.5554564167158
4,5,2020,228574311.98123,1258791243,181.58238171127
4,6,2020,228603659.18561,1258791243,181.6056955089653
4,7,2020,228603659.18561,1258791243,181.6056955089653
4,8,2020,228603659.18561,1258791243,181.6056955089653
4,9,2020,228834096.41498,1258791243,181.78875781627914
4,10,2020,228857734.05774,1258791243,181.80753586457863
4,11,2020,230786762.83506998,1258791243,183.33998120693155
4,12,2020,234613869.42706,1258791243,186.38028404767033
4,13,2020,234613869.42706,1258791243,186.38028404767033
4,14,2020,234613869.42706,1258791243,186.38028404767033
4,15,2020,234613869.42706,1258791243,186.38028404767033
4,16,2020,234613869.42706,1258791243,186.38028404767033
4,17,2020,234613869.42706,1258791243,186.38028404767033
4,18,2020,234613869.42706,1258791243,186.38028404767033
4,19,2020,234637419.94761,1258791243,186.3989928849624
4,20,2020,234637419.94761,1258791243,186.3989928849624
4,21,2020,234637419.94761,1258791243,186.3989928849624
4,22,2020,235918523.757,1258791243,187.416718275502
4,23,2020,235918523.757,1258791243,187.416718275502
4,24,2020,235918523.757,1258791243,187.416718275502
4,25,2020,235918578.86556,1258791243,187.4167620544529
4,26,2020,235918578.86556,1258791243,187.4167620544529
4,27,2020,235918578.86556,1258791243,187.4167620544529
4,28,2020,250112928.90196002,1258791243,198.69293680966607
4,29,2020,250131507.86118,1258791243,198.70769617451177
4,30,2020,250131507.86118,1258791243,198.70769617451177
5,1,2020,250131507.86118,1258791243,198.70769617451177
5,2,2020,250131507.86118,1258791243,198.70769617451177
5,3,2020,250131507.86118,1258791243,198.70769617451177
5,4,2020,250131507.86118,1258791243,198.70769617451177
5,5,2020,250131507.86118,1258791243,198.70769617451177
5,6,2020,250131507.86118,1258791243,198.70769617451177
5,7,2020,250131507.86118,1258791243,198.70769617451177
5,8,2020,250131562.96974,1258791243,198.70773995346264
5,9,2020,250131562.96974,1258791243,198.70773995346264
5,10,2020,250131562.96974,1258791243,198.70773995346264
5,11,2020,250131562.96974,1258791243,198.70773995346264
5,12,2020,256927064.86495,1258791243,204.10617431102511
5,13,2020,256927064.86495,1258791243,204.10617431102511
5,14,2020,275032527.50774,1258791243,218.48938736837084
5,15,2020,275070934.12193,1258791243,218.51989807807234
5,16,2020,308676712.76251,1258791243,245.21676209540487
5,17,2020,308676712.76251,1258791243,245.21676209540487
5,18,2020,308676712.76251,1258791243,245.21676209540487
5,19,2020,308676712.76251,1258791243,245.21676209540487
5,20,2020,308676767.87107,1258791243,245.2168058743558
5,21,2020,329790449.01609,1258791243,261.9897865114795
5,22,2020,329841929.77572,1258791243,262.03068349095594
5,23,2020,330280510.70935,1258791243,262.3790978416824
5,24,2020,340241015.16498,1258791243,270.29185105713356
5,25,2020,389894357.421,1258791243,309.7371066006057
5,26,2020,407824730.42127,1258791243,323.98122618753393
5,27,2020,407825011.26177,1258791243,323.9814492908496
5,28,2020,427140687.55442,1258791243,339.32607168162514
5,29,2020,427142103.13916004,1258791243,339.3271962404016
5,30,2020,427142103.13916004,1258791243,339.3271962404016
5,31,2020,428186039.82385,1258791243,340.1565130079714
6,1,2020,468432851.84282,1258791243,372.1290996006873
6,2,2020,469573215.48927003,1258791243,373.0350191904457
6,3,2020,469784817.70916003,1258791243,373.20311872328466
6,4,2020,469784817.70916003,1258791243,373.20311872328466
6,5,2020,469784817.70916003,1258791243,373.20311872328466
6,6,2020,469784817.70916003,1258791243,373.20311872328466
6,7,2020,469784817.70916003,1258791243,373.20311872328466
6,8,2020,469784817.70916003,1258791243,373.20311872328466
6,9,2020,469830117.44532,1258791243,373.2391054179903
6,10,2020,469830117.44532,1258791243,373.2391054179903
6,11,2020,469830117.44532,1258791243,373.2391054179903
6,12,2020,469830117.44532,1258791243,373.2391054179903
6,13,2020,469830117.44532,1258791243,373.2391054179903
6,14,2020,469830117.44532,1258791243,373.2391054179903
6,15,2020,469841224.5816,1258791243,373.2479290703169
6,16,2020,473354531.03289,1258791243,376.03894503172205
6,17,2020,473354531.03289,1258791243,376.03894503172205
6,18,2020,473453544.40168,1258791243,376.117602529016
6,19,2020,473728397.78189003,1258791243,376.3359495994603
6,20,2020,474080473.48534,1258791243,376.6156430795412
6,21,2020,474111657.03393,1258791243,376.64041569276316
6,22,2020,474111657.03393,1258791243,376.64041569276316
6,23,2020,478129677.40344,1258791243,379.8323829008715
6,24,2020,478129677.40344,1258791243,379.8323829008715
6,25,2020,478133325.30369,1258791243,379.8352808398827
6,26,2020,482598752.16967,1258791243,383.38267353967444
6,27,2020,482628811.49293,1258791243,383.40655305379335
6,28,2020,486923569.16459,1258791243,386.81836394423505
6,29,2020,486923569.16459,1258791243,386.81836394423505
6,30,2020,486928249.02731,1258791243,386.8220816875432
7,20,2020,486940791.88556004,1258791243,386.83204589592145
7,21,2020,486940791.88556004,1258791243,386.83204589592145
7,22,2020,486940791.88556004,1258791243,386.83204589592145
7,23,2020,486940791.88556004,1258791243,386.83204589592145
7,24,2020,486940791.88556004,1258791243,386.83204589592145
7,25,2020,488067849.36156,1258791243,387.7273948922442
7,26,2020,495971130.64793503,1258791243,394.0058634868777
7,27,2020,497762615.06331,1258791243,395.42904181397296
7,28,2020,497766278.26506,1258791243,395.4319519086931
7,29,2020,497812044.556185,1258791243,395.4683092406808
7,30,2020,497812044.556185,1258791243,395.4683092406808
7,31,2020,497812044.556185,1258791243,395.4683092406808
8,1,2020,527296697.70906,1258791243,418.8912980141061
8,2,2020,527329040.57656,1258791243,418.9169916052236
8,3,2020,533996635.86993504,1258791243,424.21381530848083
8,4,2020,535236241.25706,1258791243,425.1985738171043
8,5,2020,535236241.25706,1258791243,425.1985738171043
8,6,2020,535236241.25706,1258791243,425.1985738171043
8,7,2020,535236241.25706,1258791243,425.1985738171043
8,8,2020,535236241.25706,1258791243,425.1985738171043
8,9,2020,535236241.25706,1258791243,425.1985738171043
8,10,2020,535236241.25706,1258791243,425.1985738171043
8,11,2020,535236241.25706,1258791243,425.1985738171043
8,12,2020,535236241.25706,1258791243,425.1985738171043
8,13,2020,535236241.25706,1258791243,425.1985738171043
8,14,2020,535236241.25706,1258791243,425.1985738171043
8,15,2020,535236241.25706,1258791243,425.1985738171043
8,16,2020,535236241.25706,1258791243,425.1985738171043
8,17,2020,538531354.89856,1258791243,427.81625459604504
8,18,2020,542606069.156685,1258791243,431.0532601605372
8,19,2020,543145301.47781,1258791243,431.481633271745
8,20,2020,546704837.439685,1258791243,434.30937455265166
8,21,2020,547107250.80031,1258791243,434.6290569168744
8,22,2020,547345542.011935,1258791243,434.8183585289964
8,23,2020,547345542.011935,1258791243,434.8183585289964
8,24,2020,547365422.751435,1258791243,434.83415204488756
8,25,2020,547727896.853435,1258791243,435.12210614690065
8,26,2020,547727896.853435,1258791243,435.12210614690065
8,27,2020,547795555.76981,1258791243,435.1758552627697
8,28,2020,547795924.58156,1258791243,435.1761482515811
8,29,2020,547795924.58156,1258791243,435.1761482515811
8,30,2020,547795924.58156,1258791243,435.1761482515811
8,31,2020,547795924.58156,1258791243,435.1761482515811
9,1,2020,547795924.58156,1258791243,435.1761482515811
9,2,2020,548007090.912935,1258791243,435.3439015089613
9,3,2020,564703821.47156,1258791243,448.60799962806857
9,4,2020,571937160.155185,1258791243,454.3542571778004
9,5,2020,586874085.62781,1258791243,466.2203434376847
9,6,2020,593179448.071435,1258791243,471.229404692828
9,7,2020,593184728.11456,1258791243,471.23359922719135
9,8,2020,595150071.188185,1258791243,472.7948931149221
9,9,2020,600170777.04206,1258791243,476.78340660498225
9,10,2020,605278957.45381,1258791243,480.8414110121117
9,11,2020,605287737.13931,1258791243,480.848385707518
9,12,2020,605440197.88381,1258791243,480.96950248946877
9,13,2020,605904718.39806,1258791243,481.3385235776223
9,14,2020,607393372.03806,1258791243,482.5211292306868
9,15,2020,607393372.03806,1258791243,482.5211292306868
9,16,2020,608740296.72706,1258791243,483.59114357698144
9,17,2020,609186974.317685,1258791243,483.94599001645975
9,18,2020,609186974.317685,1258791243,483.94599001645975
9,19,2020,609186974.317685,1258791243,483.94599001645975
9,20,2020,609186974.317685,1258791243,483.94599001645975
9,21,2020,609385798.28381,1258791243,484.1039383396871
9,22,2020,609385798.28381,1258791243,484.1039383396871
9,23,2020,609385798.28381,1258791243,484.1039383396871
9,24,2020,609385798.28381,1258791243,484.1039383396871
9,25,2020,609385798.28381,1258791243,484.1039383396871
9,26,2020,609385798.28381,1258791243,484.1039383396871
9,27,2020,609385798.28381,1258791243,484.1039383396871
9,28,2020,609385798.28381,1258791243,484.1039383396871
9,29,2020,609385798.28381,1258791243,484.1039383396871
9,30,2020,609385798.28381,1258791243,484.1039383396871
10,1,2020,609385798.28381,1258791243,484.1039383396871
10,2,2020,609385798.28381,1258791243,484.1039383396871
10,3,2020,609385798.28381,1258791243,484.1039383396871
10,4,2020,609385798.28381,1258791243,484.1039383396871
10,5,2020,609385798.28381,1258791243,484.1039383396871
10,6,2020,609385798.28381,1258791243,484.1039383396871
10,7,2020,609385798.28381,1258791243,484.1039383396871
10,8,2020,609385798.28381,1258791243,484.1039383396871
10,9,2020,609385798.28381,1258791243,484.1039383396871
10,10,2020,609385798.28381,1258791243,484.1039383396871
10,11,2020,609385798.28381,1258791243,484.1039383396871
10,12,2020,609385798.28381,1258791243,484.1039383396871
10,13,2020,609385798.28381,1258791243,484.1039383396871
10,14,2020,609385798.28381,1258791243,484.1039383396871
10,15,2020,609385798.28381,1258791243,484.1039383396871
10,16,2020,609385798.28381,1258791243,484.1039383396871
10,17,2020,609395126.54381,1258791243,484.11134882975193
10,18,2020,609395126.54381,1258791243,484.11134882975193
10,19,2020,609395126.54381,1258791243,484.11134882975193
10,20,2020,609420061.400435,1258791243,484.1311574014779
10,21,2020,609787580.90606,1258791243,484.42311963720897
10,22,2020,609788172.78206,1258791243,484.42358983113775
10,23,2020,609849428.679185,1258791243,484.47225230592505
10,24,2020,609849428.679185,1258791243,484.47225230592505
10,25,2020,609849428.679185,1258791243,484.47225230592505
10,26,2020,611256260.117185,1258791243,485.58985734633444
10,27,2020,613106706.591435,1258791243,487.0598758935241
10,28,2020,613163649.76306,1258791243,487.1051122835464
10,29,2020,613163649.76306,1258791243,487.1051122835464
10,30,2020,613163649.76306,1258791243,487.1051122835464
10,31,2020,613163649.76306,1258791243,487.1051122835464
11,1,2020,613163649.76306,1258791243,487.1051122835464
11,2,2020,613163649.76306,1258791243,487.1051122835464
11,3,2020,613163649.76306,1258791243,487.1051122835464
11,4,2020,613163649.76306,1258791243,487.1051122835464
11,5,2020,613163649.76306,1258791243,487.1051122835464
11,6,2020,613163649.76306,1258791243,487.1051122835464
11,7,2020,613163649.76306,1258791243,487.1051122835464
11,8,2020,613163649.76306,1258791243,487.1051122835464
11,9,2020,613163649.76306,1258791243,487.1051122835464
11,10,2020,613163649.76306,1258791243,487.1051122835464
11,11,2020,613163649.76306,1258791243,487.1051122835464
11,12,2020,613163649.76306,1258791243,487.1051122835464
11,13,2020,613163649.76306,1258791243,487.1051122835464
11,14,2020,613163649.76306,1258791243,487.1051122835464
11,15,2020,613163649.76306,1258791243,487.1051122835464
11,16,2020,613163649.76306,1258791243,487.1051122835464
11,17,2020,613163649.76306,1258791243,487.1051122835464
11,18,2020,613163649.76306,1258791243,487.1051122835464
11,19,2020,613163649.76306,1258791243,487.1051122835464
11,20,2020,613163649.76306,1258791243,487.1051122835464
11,21,2020,613163649.76306,1258791243,487.1051122835464
11,22,2020,613163649.76306,1258791243,487.1051122835464
11,23,2020,613175220.908435,1258791243,487.1143045506832
11,24,2020,613175220.908435,1258791243,487.1143045506832
11,25,2020,613175220.908435,1258791243,487.1143045506832
11,26,2020,613175220.908435,1258791243,487.1143045506832
11,27,2020,618925760.57556,1258791243,491.6826074357748
11,28,2020,653948494.06781,1258791243,519.5051186639133
11,29,2020,654903073.077935,1258791243,520.2634485422259
11,30,2020,654903073.077935,1258791243,520.2634485422259
12,1,2020,654903073.077935,1258791243,520.2634485422259
12,2,2020,654903073.077935,1258791243,520.2634485422259
12,3,2020,654903073.077935,1258791243,520.2634485422259
12,4,2020,654903073.077935,1258791243,520.2634485422259
12,5,2020,656289959.607185,1258791243,521.3652090898642
12,6,2020,656289959.607185,1258791243,521.3652090898642
12,7,2020,656289959.607185,1258791243,521.3652090898642
12,8,2020,656289959.607185,1258791243,521.3652090898642
12,9,2020,656289959.607185,1258791243,521.3652090898642
12,10,2020,656289959.607185,1258791243,521.3652090898642
12,11,2020,656562754.303435,1258791243,521.5819207152166
12,12,2020,656562754.303435,1258791243,521.5819207152166
12,13,2020,656562754.303435,1258791243,521.5819207152166
12,14,2020,656562754.303435,1258791243,521.5819207152166
12,15,2020,656562754.303435,1258791243,521.5819207152166
12,16,2020,656562754.303435,1258791243,521.5819207152166
12,17,2020,656562754.303435,1258791243,521.5819207152166
12,18,2020,656562754.303435,1258791243,521.5819207152166
12,19,2020,662867351.171685,1258791243,526.5903737874072
12,20,2020,662867351.171685,1258791243,526.5903737874072
12,21,2020,662867351.171685,1258791243,526.5903737874072
12,22,2020,662867351.171685,1258791243,526.5903737874072
12,23,2020,662867351.171685,1258791243,526.5903737874072
12,24,2020,662867351.171685,1258791243,526.5903737874072
12,25,2020,662867351.171685,1258791243,526.5903737874072
12,26,2020,662867351.171685,1258791243,526.5903737874072
12,27,2020,662867351.171685,1258791243,526.5903737874072
12,28,2020,662909913.89456,1258791243,526.6241861634559
12,29,2020,663646011.4920601,1258791243,527.2089515894893
12,30,2020,665328009.313935,1258791243,528.5451523544917
12,31,2020,687406924.59031,1258791243,546.0849274356685
1,1,2021,46978.7645,1258791243,0.03732053647595958
1,2,2021,46978.7645,1258791243,0.03732053647595958
1,3,2021,46978.7645,1258791243,0.03732053647595958
1,4,2021,46978.7645,1258791243,0.03732053647595958
1,5,2021,46978.7645,1258791243,0.03732053647595958
1,6,2021,212071.13787500001,1258791243,0.16847204733453966
1,7,2021,212071.13787500001,1258791243,0.16847204733453966
1,8,2021,212071.13787500001,1258791243,0.16847204733453966
1,9,2021,212071.13787500001,1258791243,0.16847204733453966
1,10,2021,14205219.640125,1258791243,11.284809708614251
1,11,2021,14205219.640125,1258791243,11.284809708614251
1,12,2021,14205219.640125,1258791243,11.284809708614251
1,13,2021,14205219.640125,1258791243,11.284809708614251
1,14,2021,14205219.640125,1258791243,11.284809708614251
1,15,2021,14205219.640125,1258791243,11.284809708614251
1,16,2021,14205219.640125,1258791243,11.284809708614251
1,17,2021,14205219.640125,1258791243,11.284809708614251
1,18,2021,14205219.640125,1258791243,11.284809708614251
1,19,2021,15588479.132875001,1258791243,12.383688891673518
1,20,2021,24079231.58775,1258791243,19.128852160079727
1,21,2021,24264507.769125,1258791243,19.276037948355032
1,22,2021,24264507.769125,1258791243,19.276037948355032
1,23,2021,24279115.8655,1258791243,19.287642808538347
1,24,2021,24381914.06525,1258791243,19.369307024365753
1,25,2021,24585178.479000002,1258791243,19.53078289646157
1,26,2021,24585178.479000002,1258791243,19.53078289646157
1,27,2021,24585178.479000002,1258791243,19.53078289646157
1,28,2021,24585178.479000002,1258791243,19.53078289646157
1,29,2021,24585178.479000002,1258791243,19.53078289646157
1,30,2021,24585178.479000002,1258791243,19.53078289646157
1,31,2021,24585178.479000002,1258791243,19.53078289646157
2,1,2021,24585178.479000002,1258791243,19.53078289646157
2,2,2021,24585178.479000002,1258791243,19.53078289646157
2,3,2021,24585231.468000002,1258791243,19.530824991606654
2,4,2021,24585231.468000002,1258791243,19.530824991606654
2,5,2021,24595002.054625,1258791243,19.538586871647787
2,6,2021,24595002.054625,1258791243,19.538586871647787
2,7,2021,24595002.054625,1258791243,19.538586871647787
2,8,2021,24595002.054625,1258791243,19.538586871647787
2,9,2021,24595002.054625,1258791243,19.538586871647787
2,10,2021,24595002.054625,1258791243,19.538586871647787
2,11,2021,38509513.263625,1258791243,30.592454052863953
2,12,2021,42148028.547125004,1258791243,33.482937525587005
2,13,2021,42148134.525125004,1258791243,33.48302171587716
2,14,2021,42148240.503125004,1258791243,33.483105906167324
2,15,2021,55005389.450500004,1258791243,43.69699086832622
2,16,2021,55041815.94825,1258791243,43.72592854798721
2,17,2021,55672752.158875,1258791243,44.22715241185945
2,18,2021,75866242.923375,1258791243,60.26912194159186
2,19,2021,75934240.5455,1258791243,60.323140129677554
2,20,2021,75934240.5455,1258791243,60.323140129677554
2,21,2021,75934240.5455,1258791243,60.323140129677554
2,22,2021,75934240.5455,1258791243,60.323140129677554
2,23,2021,75934240.5455,1258791243,60.323140129677554
2,24,2021,75934240.5455,1258791243,60.323140129677554
2,25,2021,75934240.5455,1258791243,60.323140129677554
2,26,2021,76233187.453875,1258791243,60.560627409667326
2,27,2021,76572329.264625,1258791243,60.83004603855907
2,28,2021,76768387.635125,1258791243,60.985797336949695
3,1,2021,77380185.96225001,1258791243,61.471817819318915
3,2,2021,77380185.96225001,1258791243,61.471817819318915
3,3,2021,77380185.96225001,1258791243,61.471817819318915
3,4,2021,77380185.96225001,1258791243,61.471817819318915
3,5,2021,77380185.96225001,1258791243,61.471817819318915
3,6,2021,77380185.96225001,1258791243,61.471817819318915
3,7,2021,77380185.96225001,1258791243,61.471817819318915
3,8,2021,77380185.96225001,1258791243,61.471817819318915
3,9,2021,77380185.96225001,1258791243,61.471817819318915
3,10,2021,77380185.96225001,1258791243,61.471817819318915
3,11,2021,77380185.96225001,1258791243,61.471817819318915
3,12,2021,77380297.51875,1258791243,61.47190644124142
3,13,2021,77731114.33425,1258791243,61.75059984449702
3,14,2021,78234722.905875,1258791243,62.150672989607855
3,15,2021,78234722.905875,1258791243,62.150672989607855
3,16,2021,78234722.905875,1258791243,62.150672989607855
3,17,2021,79254953.207,1258791243,62.96115710029609
3,18,2021,79254953.207,1258791243,62.96115710029609
3,19,2021,79254953.207,1258791243,62.96115710029609
3,20,2021,79254953.207,1258791243,62.96115710029609
3,21,2021,79254953.207,1258791243,62.96115710029609
3,22,2021,79257965.334,1258791243,62.96354997283693
3,23,2021,92677654.483125,1258791243,73.62432412720955
3,24,2021,92677707.47212501,1258791243,73.62436622235464
3,25,2021,101618535.65875,1258791243,80.72707545737987
3,26,2021,101618535.65875,1258791243,80.72707545737987
3,27,2021,101618535.65875,1258791243,80.72707545737987
3,28,2021,101640958.46325,1258791243,80.74488842249596
3,29,2021,101640958.46325,1258791243,80.74488842249596
3,30,2021,101640958.46325,1258791243,80.74488842249596
3,31,2021,101767680.60175,1258791243,80.8455581238501
4,1,2021,101767680.60175,1258791243,80.8455581238501
4,2,2021,101767680.60175,1258791243,80.8455581238501
4,3,2021,103587980.90875,1258791243,82.29162816693506
4,4,2021,104295090.8835,1258791243,82.85336545155803
4,5,2021,104295090.8835,1258791243,82.85336545155803
4,6,2021,104295090.8835,1258791243,82.85336545155803
4,7,2021,104295090.8835,1258791243,82.85336545155803
4,8,2021,104295090.8835,1258791243,82.85336545155803
4,9,2021,104295090.8835,1258791243,82.85336545155803
4,10,2021,104295090.8835,1258791243,82.85336545155803
4,11,2021,104295143.8725,1258791243,82.85340754670312
4,12,2021,104295143.8725,1258791243,82.85340754670312
4,13,2021,104298008.04875,1258791243,82.8556828852598
4,14,2021,104298008.04875,1258791243,82.8556828852598
4,15,2021,104355668.279875,1258791243,82.9014889165979
4,16,2021,104383871.403125,1258791243,82.92389384148663
4,17,2021,104496640.46525,1258791243,83.01347903899423
4,18,2021,104496693.45425001,1258791243,83.01352113413932
4,19,2021,104503921.402875,1258791243,83.01926310975696
4,20,2021,104605981.602125,1258791243,83.10034104846804
4,21,2021,104605981.602125,1258791243,83.10034104846804
4,22,2021,104674355.516625,1258791243,83.15465816807006
4,23,2021,104739361.085375,1258791243,83.20629943036154
4,24,2021,104739361.085375,1258791243,83.20629943036154
4,25,2021,104739361.085375,1258791243,83.20629943036154
4,26,2021,104739361.085375,1258791243,83.20629943036154
4,27,2021,105084911.344,1258791243,83.48080901290476
4,28,2021,105833708.3745,1258791243,84.07566303231744
4,29,2021,181999793.2105,1258791243,144.58298325681952
4,30,2021,190127734.292625,1258791243,151.03992449097854
5,1,2021,257406079.40562502,1258791243,204.48670964072238
5,2,2021,257517593.386375,1258791243,204.575297785397
5,3,2021,257517593.386375,1258791243,204.575297785397
5,4,2021,257610829.82725,1258791243,204.6493660166414
5,5,2021,257610829.82725,1258791243,204.6493660166414
5,6,2021,257610829.82725,1258791243,204.6493660166414
5,7,2021,257610829.82725,1258791243,204.6493660166414
5,8,2021,257610829.82725,1258791243,204.6493660166414
5,9,2021,257614500.299375,1258791243,204.6522818870412
5,10,2021,257614500.299375,1258791243,204.6522818870412
5,11,2021,284050685.352625,1258791243,225.65352828135698
5,12,2021,292091243.940125,1258791243,232.04105173467988
5,13,2021,292091243.940125,1258791243,232.04105173467988
5,14,2021,292091243.940125,1258791243,232.04105173467988
5,15,2021,295688143.3335,1258791243,234.89847500750372
5,16,2021,297517228.46825,1258791243,236.35152383106464
5,17,2021,297784760.1035,1258791243,236.564054412873
5,18,2021,307971052.370875,1258791243,244.656176378306
5,19,2021,308148139.20512503,1258791243,244.7968564435946
5,20,2021,308148139.20512503,1258791243,244.7968564435946
5,21,2021,308148139.20512503,1258791243,244.7968564435946
5,22,2021,315836920.72237504,1258791243,250.9049236549027
5,23,2021,317210424.15987504,1258791243,251.99605250183254
5,24,2021,317648991.21325,1258791243,252.34445582590536
5,25,2021,317862354.213625,1258791243,252.51395414547306
5,26,2021,317862407.202625,1258791243,252.5139962406181
5,27,2021,317862407.202625,1258791243,252.5139962406181
5,28,2021,317869933.762,1258791243,252.5199754364672
5,29,2021,350066563.509625,1258791243,278.09739339728236
5,30,2021,354597195.51675,1258791243,281.6965859022503
5,31,2021,354742077.64350003,1258791243,281.8116821325075
6,1,2021,368332154.351125,1258791243,292.6078143611021
6,2,2021,368332207.340125,1258791243,292.6078564562472
6,3,2021,397497322.2825,1258791243,315.77699995367703
6,4,2021,397570929.897375,1258791243,315.835474792364
6,5,2021,402852021.79925,1258791243,320.0308423175534
6,6,2021,405262971.352,1258791243,321.9461317399711
6,7,2021,405262971.352,1258791243,321.9461317399711
6,8,2021,405744499.679125,1258791243,322.32866405404843
6,9,2021,405744499.679125,1258791243,322.32866405404843
6,10,2021,405744499.679125,1258791243,322.32866405404843
6,11,2021,405744499.679125,1258791243,322.32866405404843
6,12,2021,405744499.679125,1258791243,322.32866405404843
6,13,2021,405744499.679125,1258791243,322.32866405404843
6,14,2021,405936407.653625,1258791243,322.48111822432264
6,15,2021,408200190.672,1258791243,324.2794966536004
6,16,2021,413855776.857,1258791243,328.7723672677313
6,17,2021,413878495.3625,1258791243,328.7904151415359
6,18,2021,413878495.3625,1258791243,328.7904151415359
6,19,2021,413878495.3625,1258791243,328.7904151415359
6,20,2021,413878495.3625,1258791243,328.7904151415359
6,21,2021,413891704.372125,1258791243,328.80090854915886
6,22,2021,435881418.3505,1258791243,346.26982096863856
6,23,2021,435881418.3505,1258791243,346.26982096863856
6,24,2021,435881418.3505,1258791243,346.26982096863856
6,25,2021,435881418.3505,1258791243,346.26982096863856
6,26,2021,435881418.3505,1258791243,346.26982096863856
6,27,2021,443946334.683,1258791243,352.67669452876873
6,28,2021,468307474.362875,1258791243,372.02949811343336
6,29,2021,475618973.793375,1258791243,377.8378475686417
6,30,2021,478722405.64025,1258791243,380.3032538575183
7,1,2021,478722405.64025,1258791243,380.3032538575183
7,2,2021,478729896.551625,1258791243,380.30920473413636
7,3,2021,481132143.095875,1258791243,382.21758037434574
7,4,2021,483458888.342625,1258791243,384.06597680996504
7,5,2021,488021942.8845,1258791243,387.6909261947416
7,6,2021,540042901.344625,1258791243,429.0170465895313
7,7,2021,543380680.400625,1258791243,431.6686213240721
7,8,2021,543888380.292375,1258791243,432.0719446666622
7,9,2021,556365301.662625,1258791243,441.98377193717494
7,10,2021,573176593.651,1258791243,455.3388791337501
7,11,2021,573202619.424875,1258791243,455.35955434421066
7,12,2021,573220823.316,1258791243,455.3740157501239
7,13,2021,576262132.29,1258791243,457.7900708274946
7,14,2021,576556996.962375,1258791243,458.0243151265512
7,15,2021,577309739.842375,1258791243,458.6223037797023
7,16,2021,577309739.842375,1258791243,458.6223037797023
7,17,2021,577309739.842375,1258791243,458.6223037797023
7,18,2021,577309739.842375,1258791243,458.6223037797023
7,19,2021,578319355.213625,1258791243,459.4243552531807
7,20,2021,586650911.5016251,1258791243,466.04305103322446
7,21,2021,587548807.341625,1258791243,466.7563510700598
7,22,2021,589901617.6885,1258791243,468.62545395742006
7,23,2021,589907569.833625,1258791243,468.6301824182812
7,24,2021,589907569.833625,1258791243,468.6301824182812
7,25,2021,589907569.833625,1258791243,468.6301824182812
7,26,2021,589907569.833625,1258791243,468.6301824182812
7,27,2021,589907569.833625,1258791243,468.6301824182812
7,28,2021,589907569.833625,1258791243,468.6301824182812
7,29,2021,591275597.2975,1258791243,469.71696108113144
7,30,2021,595201351.120375,1258791243,472.83563055448985
7,31,2021,595201351.120375,1258791243,472.83563055448985
8,1,2021,597930621.304875,1258791243,475.003797992639
8,2,2021,632582323.103625,1258791243,502.53155685769656
8,3,2021,633731395.465875,1258791243,503.4443947636161
8,4,2021,634037796.66225,1258791243,503.68780382614244
8,5,2021,650447882.197125,1258791243,516.7241874410823
8,6,2021,650577217.497375,1258791243,516.8269330718366
8,7,2021,650585598.89325,1258791243,516.8335913608274
8,8,2021,650585598.89325,1258791243,516.8335913608274
8,9,2021,650585598.89325,1258791243,516.8335913608274
8,10,2021,650585598.89325,1258791243,516.8335913608274
8,11,2021,650585598.89325,1258791243,516.8335913608274
8,12,2021,650585598.89325,1258791243,516.8335913608274
8,13,2021,650585598.89325,1258791243,516.8335913608274
8,14,2021,650585672.185625,1258791243,516.8336495852354
8,15,2021,659469896.6537501,1258791243,523.8913920961794
8,16,2021,666802247.410875,1258791243,529.71630611421
8,17,2021,666802331.461,1258791243,529.7163728847136
8,18,2021,667887081.521125,1258791243,530.5781123241616
8,19,2021,667887081.521125,1258791243,530.5781123241616
8,20,2021,667887081.521125,1258791243,530.5781123241616
8,21,2021,667887081.521125,1258791243,530.5781123241616
8,22,2021,668215597.367875,1258791243,530.8390895501924
8,23,2021,668215597.367875,1258791243,530.8390895501924
8,24,2021,668215597.367875,1258791243,530.8390895501924
8,25,2021,668215597.367875,1258791243,530.8390895501924
8,26,2021,670199958.284625,1258791243,532.4154914578041
8,27,2021,680208945.211,1258791243,540.3667597733677
8,28,2021,683174074.835125,1258791243,542.722296992596
8,29,2021,685448209.370375,1258791243,544.5288988003987
8,30,2021,708283962.127875,1258791243,562.6699153386746
8,31,2021,708300084.453625,1258791243,562.6827231222048
9,1,2021,708300084.453625,1258791243,562.6827231222048
9,2,2021,708300084.453625,1258791243,562.6827231222048
9,3,2021,708306929.903,1258791243,562.6881612354845
9,4,2021,708306929.903,1258791243,562.6881612354845
9,5,2021,708306929.903,1258791243,562.6881612354845
9,6,2021,726500103.81725,1258791243,577.1410532582248
9,7,2021,729117704.97,1258791243,579.2205093771852
9,8,2021,729117704.97,1258791243,579.2205093771852
9,9,2021,729117704.97,1258791243,579.2205093771852
9,10,2021,729117704.97,1258791243,579.2205093771852
9,11,2021,729117704.97,1258791243,579.2205093771852
9,12,2021,729117704.97,1258791243,579.2205093771852
9,13,2021,729302050.59925,1258791243,579.3669559228495
9,14,2021,729302050.59925,1258791243,579.3669559228495
9,15,2021,729302050.59925,1258791243,579.3669559228495
9,16,2021,729302050.59925,1258791243,579.3669559228495
9,17,2021,729302050.59925,1258791243,579.3669559228495
9,18,2021,737497366.27,1258791243,585.8774203992456
9,19,2021,738031395.02675,1258791243,586.3016597317956
9,20,2021,738086151.256125,1258791243,586.3451587866862
9,21,2021,738462187.553625,1258791243,586.6438868717369
9,22,2021,738462249.113875,1258791243,586.6439357759934
9,23,2021,738462249.113875,1258791243,586.6439357759934
9,24,2021,738462249.113875,1258791243,586.6439357759934
9,25,2021,738462249.113875,1258791243,586.6439357759934
9,26,2021,738462249.113875,1258791243,586.6439357759934
9,27,2021,738486102.222375,1258791243,586.662884993056
9,28,2021,738489611.01825,1258791243,586.6656724257574
9,29,2021,775667130.6602501,1258791243,616.1999735648384
9,30,2021,775667130.6602501,1258791243,616.1999735648384
10,1,2021,803456118.04575,1258791243,638.2759035810594
10,2,2021,804071603.163875,1258791243,638.7648528977533
10,3,2021,806904478.217875,1258791243,641.0153253805842
10,4,2021,806904478.217875,1258791243,641.0153253805842
10,5,2021,806904478.217875,1258791243,641.0153253805842
10,6,2021,806904478.217875,1258791243,641.0153253805842
10,7,2021,806904478.217875,1258791243,641.0153253805842
10,8,2021,806904478.217875,1258791243,641.0153253805842
10,9,2021,806904478.217875,1258791243,641.0153253805842
10,10,2021,806904478.217875,1258791243,641.0153253805842
10,11,2021,815878588.259625,1258791243,648.1444741506078
10,12,2021,818174454.76175,1258791243,649.9683401132065
10,13,2021,828747588.385,1258791243,658.3677738414327
10,14,2021,853503239.524875,1258791243,678.0339824185407
10,15,2021,863450584.962375,1258791243,685.9362819402573
10,16,2021,863450584.962375,1258791243,685.9362819402573
10,17,2021,863450584.962375,1258791243,685.9362819402573
10,18,2021,863450584.962375,1258791243,685.9362819402573
10,19,2021,863450584.962375,1258791243,685.9362819402573
10,20,2021,863450584.962375,1258791243,685.9362819402573
10,21,2021,863450584.962375,1258791243,685.9362819402573
10,22,2021,863450584.962375,1258791243,685.9362819402573
10,23,2021,863450584.962375,1258791243,685.9362819402573
10,24,2021,863470064.895625,1258791243,685.9517570504937
10,25,2021,863470064.895625,1258791243,685.9517570504937
10,26,2021,863495883.90425,1258791243,685.9722680039728
10,27,2021,889306764.490375,1258791243,706.4767644640939
10,28,2021,889306764.490375,1258791243,706.4767644640939
10,29,2021,889306764.490375,1258791243,706.4767644640939
10,30,2021,889306764.490375,1258791243,706.4767644640939
10,31,2021,889306764.490375,1258791243,706.4767644640939
11,1,2021,889306764.490375,1258791243,706.4767644640939
11,2,2021,889306764.490375,1258791243,706.4767644640939
11,3,2021,900581789.7155,1258791243,715.4337899342217
11,4,2021,916487946.330625,1258791243,728.0698459153684
11,5,2021,916487946.330625,1258791243,728.0698459153684
11,6,2021,916487946.330625,1258791243,728.0698459153684
11,7,2021,916487946.330625,1258791243,728.0698459153684
11,8,2021,916487946.330625,1258791243,728.0698459153684
11,9,2021,916487946.330625,1258791243,728.0698459153684
11,10,2021,916487946.330625,1258791243,728.0698459153684
11,11,2021,916487946.330625,1258791243,728.0698459153684
11,12,2021,916487946.330625,1258791243,728.0698459153684
11,13,2021,916487946.330625,1258791243,728.0698459153684
11,14,2021,916487946.330625,1258791243,728.0698459153684
11,15,2021,916487946.330625,1258791243,728.0698459153684
11,16,2021,916487946.330625,1258791243,728.0698459153684
11,17,2021,916487946.330625,1258791243,728.0698459153684
11,18,2021,916676242.683625,1258791243,728.2194309669383
11,19,2021,916676295.6726251,1258791243,728.2194730620835
11,20,2021,916676295.6726251,1258791243,728.2194730620835
11,21,2021,916676348.661625,1258791243,728.2195151572284
11,22,2021,916676401.650625,1258791243,728.2195572523735
11,23,2021,916676401.650625,1258791243,728.2195572523735
11,24,2021,916676401.650625,1258791243,728.2195572523735
11,25,2021,926277195.693375,1258791243,735.8465518760961
11,26,2021,926277195.693375,1258791243,735.8465518760961
11,27,2021,942042521.222375,1258791243,748.3707298259104
11,28,2021,942368971.353625,1258791243,748.6300660209034
11,29,2021,942368971.353625,1258791243,748.6300660209034
11,30,2021,942368971.353625,1258791243,748.6300660209034
12,1,2021,942368971.353625,1258791243,748.6300660209034
12,2,2021,942368971.353625,1258791243,748.6300660209034
12,3,2021,942506364.5797501,1258791243,748.7392129719083
12,4,2021,942506364.5797501,1258791243,748.7392129719083
12,5,2021,942506364.5797501,1258791243,748.7392129719083
12,6,2021,942506364.5797501,1258791243,748.7392129719083
12,7,2021,942506364.5797501,1258791243,748.7392129719083
12,8,2021,942506364.5797501,1258791243,748.7392129719083
12,9,2021,942506364.5797501,1258791243,748.7392129719083
12,10,2021,942506364.5797501,1258791243,748.7392129719083
12,11,2021,942506364.5797501,1258791243,748.7392129719083
12,12,2021,942506364.5797501,1258791243,748.7392129719083
12,13,2021,942506364.5797501,1258791243,748.7392129719083
12,14,2021,942506364.5797501,1258791243,748.7392129719083
12,15,2021,942506364.5797501,1258791243,748.7392129719083
12,16,2021,942506364.5797501,1258791243,748.7392129719083
12,17,2021,942506364.5797501,1258791243,748.7392129719083
12,18,2021,955917902.597125,1258791243,759.3935117620811
12,19,2021,959936939.2843751,1258791243,762.586286346111
12,20,2021,959939546.766625,1258791243,762.5883577636431
12,21,2021,959939546.766625,1258791243,762.5883577636431
12,22,2021,959939546.766625,1258791243,762.5883577636431
12,23,2021,959939546.766625,1258791243,762.5883577636431
12,24,2021,959939546.766625,1258791243,762.5883577636431
12,25,2021,959939546.766625,1258791243,762.5883577636431
12,26,2021,959952838.522625,1258791243,762.5989169060537
12,27,2021,959952838.522625,1258791243,762.5989169060537
12,28,2021,959952838.522625,1258791243,762.5989169060537
12,29,2021,959952838.522625,1258791243,762.5989169060537
12,30,2021,959952838.522625,1258791243,762.5989169060537
12,31,2021,959952838.522625,1258791243,762.5989169060537
1,1,2022,0,1258791243,0
1,2,2022,0,1258791243,0
1,3,2022,0,1258791243,0
1,4,2022,0,1258791243,0
1,5,2022,0,1258791243,0
1,6,2022,0,1258791243,0
1,7,2022,0,1258791243,0
1,8,2022,62754.610375000004,1258791243,0.04985307192433337
1,9,2022,62754.610375000004,1258791243,0.04985307192433337
1,10,2022,62860.588375,1258791243,0.04993726221449413
1,11,2022,170936.44675,1258791243,0.13579411812765527
1,12,2022,170936.44675,1258791243,0.13579411812765527
1,13,2022,170936.44675,1258791243,0.13579411812765527
1,14,2022,170936.44675,1258791243,0.13579411812765527
1,15,2022,170936.44675,1258791243,0.13579411812765527
1,16,2022,170936.44675,1258791243,0.13579411812765527
1,17,2022,170936.44675,1258791243,0.13579411812765527
1,18,2022,170936.44675,1258791243,0.13579411812765527
1,19,2022,170936.44675,1258791243,0.13579411812765527
1,20,2022,170936.44675,1258791243,0.13579411812765527
1,21,2022,172040.77637500002,1258791243,0.13667141182598774
1,22,2022,172040.77637500002,1258791243,0.13667141182598774
1,23,2022,172040.77637500002,1258791243,0.13667141182598774
1,24,2022,331974.092625,1258791243,0.2637245011601976
1,25,2022,331974.092625,1258791243,0.2637245011601976
1,26,2022,331974.092625,1258791243,0.2637245011601976
1,27,2022,331974.092625,1258791243,0.2637245011601976
1,28,2022,1544238.05075,1258791243,1.226762625921763
1,29,2022,1544238.05075,1258791243,1.226762625921763
1,30,2022,1544238.05075,1258791243,1.226762625921763
1,31,2022,3375869.94125,1258791243,2.681834625099946
2,1,2022,3375869.94125,1258791243,2.681834625099946
2,2,2022,3480144.03675,1258791243,2.764671311548042
2,3,2022,21568376.94875,1258791243,17.13419684851589
2,4,2022,21568376.94875,1258791243,17.13419684851589
2,5,2022,21568376.94875,1258791243,17.13419684851589
2,6,2022,21568376.94875,1258791243,17.13419684851589
2,7,2022,21568376.94875,1258791243,17.13419684851589
2,8,2022,21568376.94875,1258791243,17.13419684851589
2,9,2022,21568376.94875,1258791243,17.13419684851589
2,10,2022,21568376.94875,1258791243,17.13419684851589
2,11,2022,21568376.94875,1258791243,17.13419684851589
2,12,2022,21572877.98425,1258791243,17.137772529173848
2,13,2022,21572877.98425,1258791243,17.137772529173848
2,14,2022,21572877.98425,1258791243,17.137772529173848
2,15,2022,21572877.98425,1258791243,17.137772529173848
2,16,2022,21572877.98425,1258791243,17.137772529173848
2,17,2022,21572877.98425,1258791243,17.137772529173848
2,18,2022,21572877.98425,1258791243,17.137772529173848
2,19,2022,21572877.98425,1258791243,17.137772529173848
2,20,2022,21572877.98425,1258791243,17.137772529173848
2,21,2022,21612778.07475,1258791243,17.169469675719693
2,22,2022,21612778.07475,1258791243,17.169469675719693
2,23,2022,21612778.07475,1258791243,17.169469675719693
2,24,2022,21612778.07475,1258791243,17.169469675719693
2,25,2022,21612778.07475,1258791243,17.169469675719693
2,26,2022,21688846.215,1258791243,17.229899187501736
2,27,2022,21688846.215,1258791243,17.229899187501736
2,28,2022,21688846.215,1258791243,17.229899187501736
3,1,2022,21688846.215,1258791243,17.229899187501736
3,2,2022,21688846.215,1258791243,17.229899187501736
3,3,2022,21688846.215,1258791243,17.229899187501736
3,4,2022,21688846.215,1258791243,17.229899187501736
3,5,2022,21688846.215,1258791243,17.229899187501736
3,6,2022,21761315.21175,1258791243,17.287469493263707
3,7,2022,23194404.068625,1258791243,18.425933765909587
3,8,2022,23194404.068625,1258791243,18.425933765909587
3,9,2022,23194404.068625,1258791243,18.425933765909587
3,10,2022,23194404.068625,1258791243,18.425933765909587
3,11,2022,23933907.032375,1258791243,19.01340445881621
3,12,2022,23933907.032375,1258791243,19.01340445881621
3,13,2022,23933907.032375,1258791243,19.01340445881621
3,14,2022,23933907.032375,1258791243,19.01340445881621
3,15,2022,23933907.032375,1258791243,19.01340445881621
3,16,2022,23933960.021375,1258791243,19.01344655396129
3,17,2022,23934013.010375,1258791243,19.01348864910637
3,18,2022,23934013.010375,1258791243,19.01348864910637
3,19,2022,23934013.010375,1258791243,19.01348864910637
3,20,2022,23934013.010375,1258791243,19.01348864910637
3,21,2022,25281464.17975,1258791243,20.083921238201686
3,22,2022,25281464.17975,1258791243,20.083921238201686
3,23,2022,25281464.17975,1258791243,20.083921238201686
3,24,2022,25281464.17975,1258791243,20.083921238201686
3,25,2022,25281464.17975,1258791243,20.083921238201686
3,26,2022,25281464.17975,1258791243,20.083921238201686
3,27,2022,25281464.17975,1258791243,20.083921238201686
3,28,2022,25281517.16875,1258791243,20.083963333346766
3,29,2022,25281517.16875,1258791243,20.083963333346766
3,30,2022,26499024.2775,1258791243,21.051166684593785
3,31,2022,26499024.2775,1258791243,21.051166684593785
4,1,2022,26499024.2775,1258791243,21.051166684593785
4,2,2022,26499024.2775,1258791243,21.051166684593785
4,3,2022,26499024.2775,1258791243,21.051166684593785
4,4,2022,26499024.2775,1258791243,21.051166684593785
4,5,2022,26499024.2775,1258791243,21.051166684593785
4,6,2022,26499024.2775,1258791243,21.051166684593785
4,7,2022,26499024.2775,1258791243,21.051166684593785
4,8,2022,26499024.2775,1258791243,21.051166684593785
4,9,2022,26499024.2775,1258791243,21.051166684593785
4,10,2022,26518986.48275,1258791243,21.067024917927554
4,11,2022,35535890.48075,1258791243,28.23016975877548
4,12,2022,35547631.746375,1258791243,28.23949717163309
4,13,2022,35547631.746375,1258791243,28.23949717163309
4,14,2022,35547631.746375,1258791243,28.23949717163309
4,15,2022,35547631.746375,1258791243,28.23949717163309
4,16,2022,35547631.746375,1258791243,28.23949717163309
4,17,2022,43435018.3085,1258791243,34.505338792303625
4,18,2022,43475047.9455,1258791243,34.537138852260036
4,19,2022,43646340.37,1258791243,34.67321576370388
4,20,2022,44389121.183375,1258791243,35.26329042263206
4,21,2022,44395007.277625,1258791243,35.26796641182624
4,22,2022,44395007.277625,1258791243,35.26796641182624
4,23,2022,44395007.277625,1258791243,35.26796641182624
4,24,2022,44395007.277625,1258791243,35.26796641182624
4,25,2022,53884004.22325,1258791243,42.806147979574085
4,26,2022,58148949.5815,1258791243,46.19427558370773
4,27,2022,58148949.5815,1258791243,46.19427558370773
4,28,2022,58150955.060625,1258791243,46.19586876219237
4,29,2022,58150955.060625,1258791243,46.19586876219237
4,30,2022,58163522.745125,1258791243,46.20585269286387
5,1,2022,58173248.4045,1258791243,46.21357888211811
5,2,2022,60768271.810375,1258791243,48.27509894774109
5,3,2022,60768271.810375,1258791243,48.27509894774109
5,4,2022,60780632.74375,1258791243,48.2849186326521
5,5,2022,96675309.18800001,1258791243,76.8001125886447
5,6,2022,96675309.18800001,1258791243,76.8001125886447
5,7,2022,96675309.18800001,1258791243,76.8001125886447
5,8,2022,96675309.18800001,1258791243,76.8001125886447
5,9,2022,96675309.18800001,1258791243,76.8001125886447
5,10,2022,96675309.18800001,1258791243,76.8001125886447
5,11,2022,96675309.18800001,1258791243,76.8001125886447
5,12,2022,96675309.18800001,1258791243,76.8001125886447
5,13,2022,96951954.91475,1258791243,77.01988352229903
5,14,2022,96951954.91475,1258791243,77.01988352229903
5,15,2022,96951954.91475,1258791243,77.01988352229903
5,16,2022,96957622.852375,1258791243,77.0243862050564
5,17,2022,96957622.852375,1258791243,77.0243862050564
5,18,2022,96957622.852375,1258791243,77.0243862050564
5,19,2022,96957622.852375,1258791243,77.0243862050564
5,20,2022,97664334.49775,1258791243,77.585807051686
5,21,2022,97664334.49775,1258791243,77.585807051686
5,22,2022,104423860.0185,1258791243,82.95566131333503
5,23,2022,104922673.16275,1258791243,83.35192490908518
5,24,2022,104940297.81925,1258791243,83.365926163541
5,25,2022,130829763.97225,1258791243,103.93285201162621
5,26,2022,130829763.97225,1258791243,103.93285201162621
5,27,2022,130829763.97225,1258791243,103.93285201162621
5,28,2022,130829763.97225,1258791243,103.93285201162621
5,29,2022,130829763.97225,1258791243,103.93285201162621
5,30,2022,130829763.97225,1258791243,103.93285201162621
5,31,2022,130829763.97225,1258791243,103.93285201162621
6,1,2022,130859834.24725,1258791243,103.95674022594865
6,2,2022,130862450.346625,1258791243,103.95881848903599
6,3,2022,131077636.317,1258791243,104.1297649994853
6,4,2022,132698662.901125,1258791243,105.41752942677962
6,5,2022,132698662.901125,1258791243,105.41752942677962
6,6,2022,132698662.901125,1258791243,105.41752942677962
6,7,2022,132698662.901125,1258791243,105.41752942677962
6,8,2022,132698662.901125,1258791243,105.41752942677962
6,9,2022,132698662.901125,1258791243,105.41752942677962
6,10,2022,132698662.901125,1258791243,105.41752942677962
6,11,2022,132698662.901125,1258791243,105.41752942677962
6,12,2022,132698662.901125,1258791243,105.41752942677962
6,13,2022,132698662.901125,1258791243,105.41752942677962
6,14,2022,132698662.901125,1258791243,105.41752942677962
6,15,2022,132706792.69025001,1258791243,105.42398783612289
6,16,2022,132721106.02950001,1258791243,105.43535853744416
6,17,2022,132721106.02950001,1258791243,105.43535853744416
6,18,2022,132721106.02950001,1258791243,105.43535853744416
6,19,2022,132746925.03812501,1258791243,105.4558694909232
6,20,2022,132746925.03812501,1258791243,105.4558694909232
6,21,2022,132746925.03812501,1258791243,105.4558694909232
6,22,2022,132747094.95712501,1258791243,105.45600447676851
6,23,2022,132747094.95712501,1258791243,105.45600447676851
6,24,2022,132747094.95712501,1258791243,105.45600447676851
6,25,2022,132747094.95712501,1258791243,105.45600447676851
6,26,2022,132747147.946125,1258791243,105.4560465719136
6,27,2022,143769567.171375,1258791243,114.21239857749391
6,28,2022,155297728.466625,1258791243,123.37051860681319
6,29,2022,159734464.169125,1258791243,126.8951186762625
6,30,2022,159734517.158125,1258791243,126.89516077140762
7,1,2022,159907771.122125,1258791243,127.03279595513123
7,2,2022,162591972.351375,1258791243,129.16516003390643
7,3,2022,174385234.257875,1258791243,138.53387940821176
7,4,2022,174385234.257875,1258791243,138.53387940821176
7,5,2022,174385234.257875,1258791243,138.53387940821176
7,6,2022,174385234.257875,1258791243,138.53387940821176
7,7,2022,174385234.257875,1258791243,138.53387940821176
7,8,2022,174385234.257875,1258791243,138.53387940821176
7,9,2022,174388656.98000002,1258791243,138.536598462816
7,10,2022,174740953.624875,1258791243,138.81646746161468
7,11,2022,177923080.624875,1258791243,141.34439019518587
7,12,2022,179907648.321,1258791243,142.9209563710001
7,13,2022,183085711.256125,1258791243,145.4456505590141
7,14,2022,183085711.256125,1258791243,145.4456505590141
7,15,2022,191875254.73825002,1258791243,152.42817727343373
7,16,2022,192450980.444375,1258791243,152.88554120039666
7,17,2022,192451033.433375,1258791243,152.88558329554172
7,18,2022,192451033.433375,1258791243,152.88558329554172
7,19,2022,192451033.433375,1258791243,152.88558329554172
7,20,2022,192451033.433375,1258791243,152.88558329554172
7,21,2022,192451033.433375,1258791243,152.88558329554172
7,22,2022,192460194.231125,1258791243,152.8928607514352
7,23,2022,192460194.231125,1258791243,152.8928607514352
7,24,2022,192460194.231125,1258791243,152.8928607514352
7,25,2022,192460194.231125,1258791243,152.8928607514352
7,26,2022,192460194.231125,1258791243,152.8928607514352
7,27,2022,192460194.231125,1258791243,152.8928607514352
7,28,2022,192460194.231125,1258791243,152.8928607514352
7,29,2022,192460194.231125,1258791243,152.8928607514352
7,30,2022,192460194.231125,1258791243,152.8928607514352
7,31,2022,192460194.231125,1258791243,152.8928607514352
8,1,2022,192460194.231125,1258791243,152.8928607514352
8,2,2022,192460194.231125,1258791243,152.8928607514352
8,3,2022,192460194.231125,1258791243,152.8928607514352
8,4,2022,192460300.209125,1258791243,152.89294494172535
8,5,2022,192460300.209125,1258791243,152.89294494172535
8,6,2022,192508196.068125,1258791243,152.93099402990129
8,7,2022,192574135.10275,1258791243,152.9833768495242
8,8,2022,192908902.167875,1258791243,153.24932012406364
8,9,2022,193114461.210375,1258791243,153.41261887883581
8,10,2022,193114461.210375,1258791243,153.41261887883581
8,11,2022,198354640.154125,1258791243,157.57548462237355
8,12,2022,198768313.504625,1258791243,157.90411206779027
8,13,2022,202067188.402625,1258791243,160.52478083740925
8,14,2022,202398024.3765,1258791243,160.7876012023544
8,15,2022,230673228.821625,1258791243,183.24978832222857
8,16,2022,230828034.39737502,1258791243,183.3727678683693
8,17,2022,230828034.39737502,1258791243,183.3727678683693
8,18,2022,230885579.115625,1258791243,183.4184821347895
8,19,2022,235101618.312375,1258791243,186.7677580534098
8,20,2022,235101618.312375,1258791243,186.7677580534098
8,21,2022,235555785.26250002,1258791243,187.12855413667668
8,22,2022,261648098.548125,1258791243,207.85662436334965
8,23,2022,269847216.9245,1258791243,214.37010975814357
8,24,2022,285502534.766875,1258791243,226.80689618276526
8,25,2022,285598038.989,1258791243,226.88276596868573
8,26,2022,287134403.749,1258791243,228.10327395088177
8,27,2022,287134403.749,1258791243,228.10327395088177
8,28,2022,287134403.749,1258791243,228.10327395088177
8,29,2022,287134699.687,1258791243,228.10350904784613
8,30,2022,323953416.044875,1258791243,257.3527722299821
8,31,2022,354647143.726375,1258791243,281.7362654042351
9,1,2022,359963759.8705,1258791243,285.9598538456786
9,2,2022,360103480.632625,1258791243,286.07084982130357
9,3,2022,363239584.937125,1258791243,288.56221153194423
9,4,2022,368644033.01437503,1258791243,292.8555747939653
9,5,2022,368644086.003375,1258791243,292.8556168891103
9,6,2022,368738452.084625,1258791243,292.9305825212394
9,7,2022,377367349.70600003,1258791243,299.78549009178323
9,8,2022,377386778.125625,1258791243,299.80092427893146
9,9,2022,378848832.85150003,1258791243,300.96239941152817
9,10,2022,379038473.1575,1258791243,301.1130521166964
9,11,2022,382650229.054125,1258791243,303.9822775873291
9,12,2022,382650509.894625,1258791243,303.9825006906447
9,13,2022,383042314.1645,1258791243,304.29375505633385
9,14,2022,383324989.337125,1258791243,304.5183158595623
9,15,2022,383324989.337125,1258791243,304.5183158595623
9,16,2022,383324989.337125,1258791243,304.5183158595623
9,17,2022,383387421.92962503,1258791243,304.5679131163332
9,18,2022,383392895.88875,1258791243,304.5722617000681
9,19,2022,383392895.88875,1258791243,304.5722617000681
9,20,2022,383392948.87775,1258791243,304.57230379521314
9,21,2022,383403166.810625,1258791243,304.5804210528854
9,22,2022,383403166.810625,1258791243,304.5804210528854
9,23,2022,383403166.810625,1258791243,304.5804210528854
9,24,2022,383403166.810625,1258791243,304.5804210528854
9,25,2022,385019706.70525,1258791243,305.86462119616925
9,26,2022,385023417.799875,1258791243,305.867569337607
9,27,2022,385023417.799875,1258791243,305.867569337607
9,28,2022,385023417.799875,1258791243,305.867569337607
9,29,2022,385023417.799875,1258791243,305.867569337607
9,30,2022,385023417.799875,1258791243,305.867569337607
10,1,2022,385023417.799875,1258791243,305.867569337607
10,2,2022,385023417.799875,1258791243,305.867569337607
10,3,2022,385023417.799875,1258791243,305.867569337607
10,4,2022,385023417.799875,1258791243,305.867569337607
10,5,2022,385023417.799875,1258791243,305.867569337607
10,6,2022,385023417.799875,1258791243,305.867569337607
10,7,2022,385026397.73625,1258791243,305.86993663750013
10,8,2022,385053984.709125,1258791243,305.8918520845835
10,9,2022,385053984.709125,1258791243,305.8918520845835
10,10,2022,385053984.709125,1258791243,305.8918520845835
10,11,2022,385053984.709125,1258791243,305.8918520845835
10,12,2022,385053984.709125,1258791243,305.8918520845835
10,13,2022,385053984.709125,1258791243,305.8918520845835
10,14,2022,385057097.634625,1258791243,305.8943250327529
10,15,2022,385057097.634625,1258791243,305.8943250327529
10,16,2022,385057097.634625,1258791243,305.8943250327529
10,17,2022,427745969.656375,1258791243,339.8069155906696
10,18,2022,427747516.328,1258791243,339.8081442865583
10,19,2022,427747516.328,1258791243,339.8081442865583
10,20,2022,427747516.328,1258791243,339.8081442865583
10,21,2022,427747569.31700003,1258791243,339.80818638170336
10,22,2022,427747569.31700003,1258791243,339.80818638170336
10,23,2022,427747569.31700003,1258791243,339.80818638170336
10,24,2022,427824073.936375,1258791243,339.8689626381322
10,25,2022,427841063.00425,1258791243,339.8824589727862
10,26,2022,427841063.00425,1258791243,339.8824589727862
10,27,2022,427841115.99325,1258791243,339.8825010679313
10,28,2022,440255492.815625,1258791243,349.7446421428792
10,29,2022,440255545.80462503,1258791243,349.74468423802426
10,30,2022,440255545.80462503,1258791243,349.74468423802426
10,31,2022,440255545.80462503,1258791243,349.74468423802426
11,1,2022,442245723.348625,1258791243,351.3257069493492
11,2,2022,442245723.348625,1258791243,351.3257069493492
11,3,2022,442245723.348625,1258791243,351.3257069493492
11,4,2022,442245829.326625,1258791243,351.32579113963936
11,5,2022,442245829.326625,1258791243,351.32579113963936
11,6,2022,442245829.326625,1258791243,351.32579113963936
11,7,2022,444747750.45225,1258791243,353.31334955294886
11,8,2022,444747750.45225,1258791243,353.31334955294886
11,9,2022,446153400.06287503,1258791243,354.43001573444775
11,10,2022,446153400.06287503,1258791243,354.43001573444775
11,11,2022,448103103.64512503,1258791243,355.97888540850374
11,12,2022,448103103.64512503,1258791243,355.97888540850374
11,13,2022,448103103.64512503,1258791243,355.97888540850374
11,14,2022,448676085.71912503,1258791243,356.4340697587178
11,15,2022,448676085.71912503,1258791243,356.4340697587178
11,16,2022,448676085.71912503,1258791243,356.4340697587178
11,17,2022,448676085.71912503,1258791243,356.4340697587178
11,18,2022,448676085.71912503,1258791243,356.4340697587178
11,19,2022,454004474.7375,1258791243,360.6670107233182
11,20,2022,454082134.982375,1258791243,360.72870502355016
11,21,2022,456462207.00850004,1258791243,362.61946494054223
11,22,2022,457239917.31825,1258791243,363.2372880419299
11,23,2022,457246107.013125,1258791243,363.2422052153766
11,24,2022,459664595.44075,1258791243,365.1634836172355
11,25,2022,464314975.63850003,1258791243,368.85780562941204
11,26,2022,485211539.85062504,1258791243,385.4583057745541
11,27,2022,485211539.85062504,1258791243,385.4583057745541
11,28,2022,485211539.85062504,1258791243,385.4583057745541
11,29,2022,485229717.68125004,1258791243,385.47274647766994
11,30,2022,485229717.68125004,1258791243,385.47274647766994
12,1,2022,485229717.68125004,1258791243,385.47274647766994
12,2,2022,485331411.124,1258791243,385.5535330602868
12,3,2022,485338808.5545,1258791243,385.559409674492
12,4,2022,485633351.07125,1258791243,385.79339804896466
12,5,2022,485654361.954375,1258791243,385.81008936552877
12,6,2022,485654361.954375,1258791243,385.81008936552877
12,7,2022,485857542.310625,1258791243,385.97149846126234
12,8,2022,486536219.7055,1258791243,386.510648537694
12,9,2022,486536219.7055,1258791243,386.510648537694
12,10,2022,486545641.45337504,1258791243,386.5181332957327
12,11,2022,486545641.45337504,1258791243,386.5181332957327
12,12,2022,486570193.466125,1258791243,386.5376377313462
12,13,2022,486775696.11050004,1258791243,386.70089168272045
12,14,2022,486792272.9215,1258791243,386.7140605151954
12,15,2022,486792272.9215,1258791243,386.7140605151954
12,16,2022,486792272.9215,1258791243,386.7140605151954
12,17,2022,486792272.9215,1258791243,386.7140605151954
12,18,2022,486792272.9215,1258791243,386.7140605151954
12,19,2022,493748611.158875,1258791243,392.24026533752664
12,20,2022,493748611.158875,1258791243,392.24026533752664
12,21,2022,493748611.158875,1258791243,392.24026533752664
12,22,2022,493748611.158875,1258791243,392.24026533752664
12,23,2022,493748611.158875,1258791243,392.24026533752664
12,24,2022,493748611.158875,1258791243,392.24026533752664
12,25,2022,493748611.158875,1258791243,392.24026533752664
12,26,2022,493748611.158875,1258791243,392.24026533752664
12,27,2022,493748611.158875,1258791243,392.24026533752664
12,28,2022,493748611.158875,1258791243,392.24026533752664
12,29,2022,493748611.158875,1258791243,392.24026533752664
12,30,2022,494336374.462375,1258791243,392.70719208711165
12,31,2022,494354546.92137504,1258791243,392.7216285229393
1,1,2023,0,1258791243,0
1,2,2023,0,1258791243,0
1,3,2023,0,1258791243,0
1,4,2023,0,1258791243,0
1,5,2023,0,1258791243,0
1,6,2023,0,1258791243,0
1,7,2023,124185.026375,1258791243,0.09865418675700147
1,8,2023,124185.026375,1258791243,0.09865418675700147
1,9,2023,124185.026375,1258791243,0.09865418675700147
1,10,2023,124185.026375,1258791243,0.09865418675700147
1,11,2023,124185.026375,1258791243,0.09865418675700147
1,12,2023,124185.026375,1258791243,0.09865418675700147
1,13,2023,124185.026375,1258791243,0.09865418675700147
1,14,2023,124185.026375,1258791243,0.09865418675700147
1,15,2023,124185.026375,1258791243,0.09865418675700147
1,16,2023,124185.026375,1258791243,0.09865418675700147
1,17,2023,124185.026375,1258791243,0.09865418675700147
1,18,2023,132354.41362500002,1258791243,0.10514405336151518
1,19,2023,132354.41362500002,1258791243,0.10514405336151518
1,20,2023,132354.41362500002,1258791243,0.10514405336151518
1,21,2023,132354.41362500002,1258791243,0.10514405336151518
1,22,2023,132354.41362500002,1258791243,0.10514405336151518
1,23,2023,132354.41362500002,1258791243,0.10514405336151518
1,24,2023,19609020.496375002,1258791243,15.57765880992469
1,25,2023,19609020.496375002,1258791243,15.57765880992469
1,26,2023,19609020.496375002,1258791243,15.57765880992469
1,27,2023,19609020.496375002,1258791243,15.57765880992469
1,28,2023,19614670.53975,1258791243,15.582147277259061
1,29,2023,20878063.12625,1258791243,16.58580264388604
1,30,2023,21142515.01375,1258791243,16.79588663435753
1,31,2023,21194690.535125002,1258791243,16.83733554152553
2,1,2023,29555144.39675,1258791243,23.478987926793195
2,2,2023,32390186.533875,1258791243,25.731181968410784
2,3,2023,32390186.533875,1258791243,25.731181968410784
2,4,2023,32390186.533875,1258791243,25.731181968410784
2,5,2023,32390186.533875,1258791243,25.731181968410784
2,6,2023,32390186.533875,1258791243,25.731181968410784
2,7,2023,32742585.743125,1258791243,26.01113244567193
2,8,2023,42371241.947875,1258791243,33.66026113026829
2,9,2023,42371241.947875,1258791243,33.66026113026829
2,10,2023,42371241.947875,1258791243,33.66026113026829
2,11,2023,42371241.947875,1258791243,33.66026113026829
2,12,2023,42371241.947875,1258791243,33.66026113026829
2,13,2023,42371294.936875,1258791243,33.660303225413365
2,14,2023,42897168.546625,1258791243,34.07806400399705
2,15,2023,42897168.546625,1258791243,34.07806400399705
2,16,2023,43350448.684875004,1258791243,34.43815559247182
2,17,2023,43350448.684875004,1258791243,34.43815559247182
2,18,2023,43350448.684875004,1258791243,34.43815559247182
2,19,2023,43350448.684875004,1258791243,34.43815559247182
2,20,2023,43350448.684875004,1258791243,34.43815559247182
2,21,2023,43350448.684875004,1258791243,34.43815559247182
2,22,2023,43363398.89275,1258791243,34.44844340464641
2,23,2023,43363398.89275,1258791243,34.44844340464641
2,24,2023,43363398.89275,1258791243,34.44844340464641
2,25,2023,43363398.89275,1258791243,34.44844340464641
2,26,2023,43501545.634,1258791243,34.55818895778576
2,27,2023,43501545.634,1258791243,34.55818895778576
2,28,2023,43501545.634,1258791243,34.55818895778576
3,1,2023,43524882.928125,1258791243,34.576728405255515
3,2,2023,51610826.181375004,1258791243,41.000306022445855
3,3,2023,53311377.321,1258791243,42.35124578237951
3,4,2023,53311377.321,1258791243,42.35124578237951
3,5,2023,53311377.321,1258791243,42.35124578237951
3,6,2023,53311377.321,1258791243,42.35124578237951
3,7,2023,53311377.321,1258791243,42.35124578237951
3,8,2023,53311377.321,1258791243,42.35124578237951
3,9,2023,53311377.321,1258791243,42.35124578237951
3,10,2023,53311377.321,1258791243,42.35124578237951
3,11,2023,53311377.321,1258791243,42.35124578237951
3,12,2023,53311377.321,1258791243,42.35124578237951
3,13,2023,53311377.321,1258791243,42.35124578237951
3,14,2023,53311377.321,1258791243,42.35124578237951
3,15,2023,53336282.47125,1258791243,42.37103075497801
3,16,2023,54066198.595625,1258791243,42.95088553902897
3,17,2023,54831435.766125,1258791243,43.55879981771132
3,18,2023,76704491.976,1258791243,60.935037801180506
3,19,2023,77213210.01775,1258791243,61.33916997526332
3,20,2023,77383115.46475,1258791243,61.4741450538912
3,21,2023,77504269.9885,1258791243,61.57039177027385
3,22,2023,77504269.9885,1258791243,61.57039177027385
3,23,2023,77504269.9885,1258791243,61.57039177027385
3,24,2023,77830113.431,1258791243,61.829246003898355
3,25,2023,77830113.431,1258791243,61.829246003898355
3,26,2023,77830113.431,1258791243,61.829246003898355
3,27,2023,77830113.431,1258791243,61.829246003898355
3,28,2023,78798636.545875,1258791243,62.59865325888274
3,29,2023,79132117.552625,1258791243,62.863574872060816
3,30,2023,79685613.501875,1258791243,63.30327919343095
3,31,2023,79710818.4435,1258791243,63.323302324164636
4,1,2023,79710818.4435,1258791243,63.323302324164636
4,2,2023,79710818.4435,1258791243,63.323302324164636
4,3,2023,79710818.4435,1258791243,63.323302324164636
4,4,2023,79710818.4435,1258791243,63.323302324164636
4,5,2023,82313108.2545,1258791243,65.3905949157449
4,6,2023,86204439.4295,1258791243,68.48191859362974
4,7,2023,87869954.05475,1258791243,69.80502489462424
4,8,2023,88076733.561125,1258791243,69.9692932016409
4,9,2023,88076733.561125,1258791243,69.9692932016409
4,10,2023,88525117.5725,1258791243,70.32549524377332
4,11,2023,89135300.61912501,1258791243,70.81023252647859
4,12,2023,89135470.53812501,1258791243,70.8103675123239
4,13,2023,89135470.53812501,1258791243,70.8103675123239
4,14,2023,89135470.53812501,1258791243,70.8103675123239
4,15,2023,92621008.504375,1258791243,73.5793238310405
4,16,2023,92621008.504375,1258791243,73.5793238310405
4,17,2023,92621008.504375,1258791243,73.5793238310405
4,18,2023,93695691.960375,1258791243,74.43306623032727
4,19,2023,101585725.942375,1258791243,80.70101099549436
4,20,2023,114047121.15725,1258791243,90.60050408791254
4,21,2023,132086300.61075,1258791243,104.93106092473032
4,22,2023,132086353.59975,1258791243,104.9311030198754
4,23,2023,170781770.881625,1258791243,135.6712416227263
4,24,2023,170781770.881625,1258791243,135.6712416227263
4,25,2023,170801079.842625,1258791243,135.68658091040197
4,26,2023,170806585.10825,1258791243,135.69095436442436
4,27,2023,175103616.579375,1258791243,139.10457159048968
4,28,2023,177284483.654875,1258791243,140.83708052525353
4,29,2023,178478036.66175002,1258791243,141.7852544289983
4,30,2023,178478036.66175002,1258791243,141.7852544289983
5,1,2023,178478089.65075,1258791243,141.78529652414338
5,2,2023,178478089.65075,1258791243,141.78529652414338
5,3,2023,178478089.65075,1258791243,141.78529652414338
5,4,2023,178501548.45925,1258791243,141.8039325042
5,5,2023,178541389.189875,1258791243,141.8355824944955
5,6,2023,180372022.2785,1258791243,143.28986103258106
5,7,2023,182175411.413625,1258791243,144.72249662259927
5,8,2023,183550659.294,1258791243,145.81501127744974
5,9,2023,247721133.713375,1258791243,196.7928638612042
5,10,2023,247859992.7715,1258791243,196.90317528805687
5,11,2023,247925014.78512502,1258791243,196.9548296143692
5,12,2023,248104559.433,1258791243,197.0974621985037
5,13,2023,287292948.50275,1258791243,228.22922394825557
5,14,2023,287292948.50275,1258791243,228.22922394825557
5,15,2023,291197580.257375,1258791243,231.33111377815248
5,16,2023,304026871.06537503,1258791243,241.5228678750628
5,17,2023,304500937.26775,1258791243,241.89947218098817
5,18,2023,304500937.26775,1258791243,241.89947218098817
5,19,2023,304500990.25675,1258791243,241.89951427613323
5,20,2023,324621279.604375,1258791243,257.88333165610925
5,21,2023,346268789.37225,1258791243,275.08039263683537
5,22,2023,346268789.37225,1258791243,275.08039263683537
5,23,2023,346268789.37225,1258791243,275.08039263683537
5,24,2023,346653134.89625,1258791243,275.3857216785945
5,25,2023,353610254.682625,1258791243,280.9125473735322
5,26,2023,354258733.278,1258791243,281.4277071341209
5,27,2023,359325163.328625,1258791243,285.4525445158543
5,28,2023,364772061.74675,1258791243,289.7796308762135
5,29,2023,374247229.4205,1258791243,297.3068262920066
5,30,2023,379629843.10312504,1258791243,301.5828440293059
5,31,2023,379629896.092125,1258791243,301.5828861244509
6,1,2023,379784015.38325,1258791243,301.70532047723344
6,2,2023,379784015.38325,1258791243,301.70532047723344
6,3,2023,393466810.04962504,1258791243,312.57510904818474
6,4,2023,432654018.82687503,1258791243,343.70593315835055
6,5,2023,434664119.81287503,1258791243,345.3027833089835
6,6,2023,435656204.189375,1258791243,346.0909079341085
6,7,2023,443433062.421875,1258791243,352.2689444240716
6,8,2023,443446623.93975,1258791243,352.2797178687952
6,9,2023,443446623.93975,1258791243,352.2797178687952
6,10,2023,443483792.02625,1258791243,352.3092446761246
6,11,2023,443483792.02625,1258791243,352.3092446761246
6,12,2023,443483792.02625,1258791243,352.3092446761246
6,13,2023,443483792.02625,1258791243,352.3092446761246
6,14,2023,443483792.02625,1258791243,352.3092446761246
6,15,2023,443483792.02625,1258791243,352.3092446761246
6,16,2023,443483792.02625,1258791243,352.3092446761246
6,17,2023,443494127.09875,1258791243,352.31745499102584
6,18,2023,443494127.09875,1258791243,352.31745499102584
6,19,2023,443501585.5005,1258791243,352.32338004157856
6,20,2023,443723372.075375,1258791243,352.49957015738073
6,21,2023,443727009.35075,1258791243,352.5024596558542
6,22,2023,447256387.07437503,1258791243,355.3062428432981
6,23,2023,447256387.07437503,1258791243,355.3062428432981
6,24,2023,447256387.07437503,1258791243,355.3062428432981
6,25,2023,447256556.993375,1258791243,355.30637782914334
6,26,2023,447256556.993375,1258791243,355.30637782914334
6,27,2023,447256556.993375,1258791243,355.30637782914334
6,28,2023,447256556.993375,1258791243,355.30637782914334
6,29,2023,447256556.993375,1258791243,355.30637782914334
6,30,2023,447256556.993375,1258791243,355.30637782914334
7,1,2023,447282509.22825,1258791243,355.3269946192739
7,2,2023,478565053.187625,1258791243,380.17825103953714
7,3,2023,478565053.187625,1258791243,380.17825103953714
7,4,2023,478834666.58912504,1258791243,380.3924354033062
7,5,2023,478841280.269375,1258791243,380.3976893962036
7,6,2023,480096033.10975003,1258791243,381.3944812370688
7,7,2023,480587893.45525,1258791243,381.7852214398111
7,8,2023,480587893.45525,1258791243,381.7852214398111
7,9,2023,480587893.45525,1258791243,381.7852214398111
7,10,2023,480587893.45525,1258791243,381.7852214398111
7,11,2023,480587893.45525,1258791243,381.7852214398111
7,12,2023,480587893.45525,1258791243,381.7852214398111
7,13,2023,480587893.45525,1258791243,381.7852214398111
7,14,2023,480587893.45525,1258791243,381.7852214398111
7,15,2023,480587893.45525,1258791243,381.7852214398111
7,16,2023,480587893.45525,1258791243,381.7852214398111
7,17,2023,480587893.45525,1258791243,381.7852214398111
7,18,2023,480587946.44425,1258791243,381.78526353495613
7,19,2023,480587946.44425,1258791243,381.78526353495613
7,20,2023,480587946.44425,1258791243,381.78526353495613
7,21,2023,480587946.44425,1258791243,381.78526353495613
7,22,2023,480587946.44425,1258791243,381.78526353495613
7,23,2023,487958639.589875,1258791243,387.6406372409718
7,24,2023,487958639.589875,1258791243,387.6406372409718
7,25,2023,487958639.589875,1258791243,387.6406372409718
7,26,2023,487958639.589875,1258791243,387.6406372409718
7,27,2023,487958639.589875,1258791243,387.6406372409718
7,28,2023,487958639.589875,1258791243,387.6406372409718
7,29,2023,487958639.589875,1258791243,387.6406372409718
7,30,2023,487958639.589875,1258791243,387.6406372409718
7,31,2023,487958639.589875,1258791243,387.6406372409718
8,1,2023,487958639.589875,1258791243,387.6406372409718
8,2,2023,487958639.589875,1258791243,387.6406372409718
8,3,2023,487958639.589875,1258791243,387.6406372409718
8,4,2023,487958639.589875,1258791243,387.6406372409718
8,5,2023,487958639.589875,1258791243,387.6406372409718
8,6,2023,487958639.589875,1258791243,387.6406372409718
8,7,2023,487958639.589875,1258791243,387.6406372409718
8,8,2023,487958639.589875,1258791243,387.6406372409718
8,9,2023,487958639.589875,1258791243,387.6406372409718
8,10,2023,487958639.589875,1258791243,387.6406372409718
8,11,2023,487958639.589875,1258791243,387.6406372409718
8,12,2023,487958639.589875,1258791243,387.6406372409718
8,13,2023,487958639.589875,1258791243,387.6406372409718
8,14,2023,487958639.589875,1258791243,387.6406372409718
8,15,2023,487958639.589875,1258791243,387.6406372409718
8,16,2023,487958639.589875,1258791243,387.6406372409718
8,17,2023,487958639.589875,1258791243,387.6406372409718
8,18,2023,487958639.589875,1258791243,387.6406372409718
8,19,2023,487958639.589875,1258791243,387.6406372409718
8,20,2023,487958639.589875,1258791243,387.6406372409718
8,21,2023,487958639.589875,1258791243,387.6406372409718
8,22,2023,521864532.97425,1258791243,414.5759162818151
8,23,2023,541604078.021,1258791243,430.257265478133
8,24,2023,541932339.6835,1258791243,430.518040776917
8,25,2023,541932339.6835,1258791243,430.518040776917
8,26,2023,542012350.133125,1258791243,430.5816021101165
8,27,2023,542012350.133125,1258791243,430.5816021101165
8,28,2023,556244728.433875,1258791243,441.8879870090381
8,29,2023,559049814.871125,1258791243,444.11638385629044
8,30,2023,559584145.61775,1258791243,444.5408630934923
8,31,2023,559601556.9045,1258791243,444.5546948442666
9,1,2023,559601556.9045,1258791243,444.5546948442666
9,2,2023,559601556.9045,1258791243,444.5546948442666
9,3,2023,559601556.9045,1258791243,444.5546948442666
9,4,2023,559601556.9045,1258791243,444.5546948442666
9,5,2023,559601556.9045,1258791243,444.5546948442666
9,6,2023,559624881.22975,1258791243,444.57322398909474
9,7,2023,559624881.22975,1258791243,444.57322398909474
9,8,2023,559624881.22975,1258791243,444.57322398909474
9,9,2023,559624881.22975,1258791243,444.57322398909474
9,10,2023,572635614.54275,1258791243,454.9091183523192
9,11,2023,578577792.436125,1258791243,459.6296611161959
9,12,2023,578938459.61325,1258791243,459.9161797737816
9,13,2023,579764158.722875,1258791243,460.5721257967752
9,14,2023,590094457.324375,1258791243,468.7786482515076
9,15,2023,603181682.4175,1258791243,479.1753086714951
9,16,2023,603563141.23075,1258791243,479.4783444730001
9,17,2023,603563141.23075,1258791243,479.4783444730001
9,18,2023,603699936.586875,1258791243,479.5870164683653
9,19,2023,603699936.586875,1258791243,479.5870164683653
9,20,2023,603699936.586875,1258791243,479.5870164683653
9,21,2023,603699936.586875,1258791243,479.5870164683653
9,22,2023,603699936.586875,1258791243,479.5870164683653
9,23,2023,603699936.586875,1258791243,479.5870164683653
9,24,2023,603739902.98225,1258791243,479.61876628835904
9,25,2023,609675797.400625,1258791243,484.3343173786481
9,26,2023,610173319.3518751,1258791243,484.72955523402464
9,27,2023,610753407.67775,1258791243,485.1903848823883
9,28,2023,610944842.578375,1258791243,485.34246323667423
9,29,2023,610944842.578375,1258791243,485.34246323667423
9,30,2023,610972047.338875,1258791243,485.364075049317
10,1,2023,613408389.289875,1258791243,487.29953652042923
10,2,2023,616939386.402625,1258791243,490.1046061714817
10,3,2023,617254903.231375,1258791243,490.35525680994505
10,4,2023,617260405.77825,1258791243,490.35962810415737
10,5,2023,653376622.672875,1258791243,519.0508166514747
10,6,2023,653376622.672875,1258791243,519.0508166514747
10,7,2023,653376622.672875,1258791243,519.0508166514747
10,8,2023,653376622.672875,1258791243,519.0508166514747
10,9,2023,653376622.672875,1258791243,519.0508166514747
10,10,2023,653376622.672875,1258791243,519.0508166514747
10,11,2023,659140439.700375,1258791243,523.6296672429067
10,12,2023,659140439.700375,1258791243,523.6296672429067
10,13,2023,659140439.700375,1258791243,523.6296672429067
10,14,2023,659144983.836625,1258791243,523.6332771633565
10,15,2023,659144983.836625,1258791243,523.6332771633565
10,16,2023,659144983.836625,1258791243,523.6332771633565
10,17,2023,659144983.836625,1258791243,523.6332771633565
10,18,2023,659144983.836625,1258791243,523.6332771633565
10,19,2023,659144983.836625,1258791243,523.6332771633565
10,20,2023,659144983.836625,1258791243,523.6332771633565
10,21,2023,659144983.836625,1258791243,523.6332771633565
10,22,2023,659144983.836625,1258791243,523.6332771633565
10,23,2023,660500336.7006251,1258791243,524.7099869605822
10,24,2023,669617908.55775,1258791243,531.9531036471867
10,25,2023,679674241.322375,1258791243,539.9419841073482
10,26,2023,691382864.215125,1258791243,549.2434651574113
10,27,2023,696739884.190375,1258791243,553.4991509234505
10,28,2023,698301308.311125,1258791243,554.7395663850555
10,29,2023,698481333.629375,1258791243,554.8825808199358
10,30,2023,704323062.09525,1258791243,559.5233252629562
10,31,2023,706425391.42075,1258791243,561.1934427960983
11,1,2023,706425391.42075,1258791243,561.1934427960983
11,2,2023,706425391.42075,1258791243,561.1934427960983
11,3,2023,706425391.42075,1258791243,561.1934427960983
11,4,2023,706425391.42075,1258791243,561.1934427960983
11,5,2023,706425391.42075,1258791243,561.1934427960983
11,6,2023,706425391.42075,1258791243,561.1934427960983
11,7,2023,706425391.42075,1258791243,561.1934427960983
11,8,2023,706428498.51075,1258791243,561.1959111084713
11,9,2023,714908598.62625,1258791243,567.9326120210784
11,10,2023,742102379.0255,1258791243,589.5357019301254
11,11,2023,745487078.141,1258791243,592.2245505651329
11,12,2023,748450201.2622501,1258791243,594.5784937925963
11,13,2023,757941039.05875,1258791243,602.1181377560235
11,14,2023,759183660.4430001,1258791243,603.1052922116651
11,15,2023,759183660.4430001,1258791243,603.1052922116651
11,16,2023,759183660.4430001,1258791243,603.1052922116651
11,17,2023,759183660.4430001,1258791243,603.1052922116651
11,18,2023,759183660.4430001,1258791243,603.1052922116651
11,19,2023,759275340.3765,1258791243,603.1781239333741
11,20,2023,759398489.247625,1258791243,603.2759549850356
11,21,2023,759398489.247625,1258791243,603.2759549850356
11,22,2023,759398489.247625,1258791243,603.2759549850356
11,23,2023,759529143.6823751,1258791243,603.3797485532516
11,24,2023,759529143.6823751,1258791243,603.3797485532516
11,25,2023,761589320.607,1258791243,605.0163796754345
11,26,2023,762232127.336625,1258791243,605.5270336327126
11,27,2023,762232127.336625,1258791243,605.5270336327126
11,28,2023,762232127.336625,1258791243,605.5270336327126
11,29,2023,762691091.2811251,1258791243,605.8916405101851
11,30,2023,766979324.11075,1258791243,609.2982679819532
12,1,2023,766979324.11075,1258791243,609.2982679819532
12,2,2023,766979324.11075,1258791243,609.2982679819532
12,3,2023,766979324.11075,1258791243,609.2982679819532
12,4,2023,766979324.11075,1258791243,609.2982679819532
12,5,2023,766979324.11075,1258791243,609.2982679819532
12,6,2023,766979324.11075,1258791243,609.2982679819532
12,7,2023,766979324.11075,1258791243,609.2982679819532
12,8,2023,766979324.11075,1258791243,609.2982679819532
12,9,2023,766979324.11075,1258791243,609.2982679819532
12,10,2023,766979324.11075,1258791243,609.2982679819532
12,11,2023,766979324.11075,1258791243,609.2982679819532
12,12,2023,766979324.11075,1258791243,609.2982679819532
12,13,2023,773878099.118625,1258791243,614.7787438322885
12,14,2023,776502352.75875,1258791243,616.8634847730268
12,15,2023,786072628.9267501,1258791243,624.4662356034122
12,16,2023,786144442.443,1258791243,624.5232851870102
12,17,2023,786144442.443,1258791243,624.5232851870102
12,18,2023,786144442.443,1258791243,624.5232851870102
12,19,2023,786144442.443,1258791243,624.5232851870102
12,20,2023,786144442.443,1258791243,624.5232851870102
12,21,2023,789823709.928125,1258791243,627.4461427343477
12,22,2023,791259896.6216251,1258791243,628.5870679683661
12,23,2023,791557804.25475,1258791243,628.8237296346921
12,24,2023,805309255.574375,1258791243,639.7480599365554
12,25,2023,805309255.574375,1258791243,639.7480599365554
12,26,2023,805309255.574375,1258791243,639.7480599365554
12,27,2023,805309255.574375,1258791243,639.7480599365554
12,28,2023,805309255.574375,1258791243,639.7480599365554
12,29,2023,805309255.574375,1258791243,639.7480599365554
12,30,2023,805309255.574375,1258791243,639.7480599365554
12,31,2023,805309255.574375,1258791243,639.7480599365554
